# Void_ID, X_c, Y_c, Z_c, N_particles, R=(abc)^(-1/3), a, b, c, vector_a, vector_b, vector_c 

0, 52.52070988411574, -61.62164471768059, -58.923849320999224, 417, 29.36632133818059, 47.27974183840178, 30.995261815042074, 17.28137261703439, 0.8849044855030641, 0.12378844869409955, 0.44902168266851644, -0.2889369465355148, -0.610234099940511, 0.7376515330401798, 0.36532108132886404, -0.7824901042439466, -0.5042318358622424
1, -58.73397473511965, 57.87650504722297, -57.29466316718088, 434, 30.540875749322637, 40.744505091581814, 37.216653663431266, 18.78616318680822, -0.23914505940399397, 0.536531517214435, 0.8092858404780333, -0.749564053433143, -0.6318189317853886, 0.19737924723345776, 0.6172223022246816, -0.5594093031700017, 0.553261114812271
2, -46.414545583963886, 59.9324830075541, -10.299946103445023, 7, 3.2507897509002395, 4.289342607140886, 3.3092255604377523, 2.4201904276153434, -0.938507364970951, 0.28561605393261347, 0.1939778225242377, -0.11066078688256274, -0.7810339555715592, 0.6146056869984006, 0.3270445170642891, 0.5553462253227319, 0.7646126168707782
3, -56.75704479921912, -56.40166312434666, 56.04892757973799, 507, 34.8922802985798, 47.63645532014518, 44.667919399925616, 19.96424525186039, 0.22199675994487922, 0.5233245956128914, 0.8227082144968406, 0.7756655148359445, -0.6060486487861969, 0.1762045527184647, 0.5908133780376555, 0.5990295509664166, -0.540465678281894
4, 58.30283550054392, 59.01067119164111, -1.7071521827056866, 878, 48.78434399147008, 128.56154652732096, 34.68642511879768, 26.0357910482158, 0.03203060423457879, -0.026471887678463906, -0.9991362667599983, 0.6997054342770226, -0.7132350745927334, 0.04132836331021692, -0.7137130695423497, -0.7004248478840861, -0.004322826736307629
5, -72.79160784463672, 19.491486876781863, 37.351185816141005, 6, 2.9797388840763785, 4.5556719510985575, 3.632122135445232, 1.5989016017610245, -0.17182127284954618, 0.07145732092458204, 0.9825331045225107, -0.5003929303198142, -0.8654498837840915, -0.024564485422088424, 0.8485778488048763, -0.4958733204603607, 0.18445943882952934
6, -13.106012255441573, 58.26690038195068, -72.73242534977847, 7, 3.37808779858577, 6.711902600537382, 3.2315223047868584, 1.7772969491283948, -0.6788687476762901, -0.7015897382350514, 0.21658500093888583, -0.6901143318086289, 0.7104000018210462, 0.13810882102525962, 0.2507577166524588, 0.05571065083024392, 0.9664454929913615
7, -55.41365332783955, -60.97104214746391, -56.72629518078876, 443, 30.25754218986356, 41.50996935619575, 35.16034543189468, 18.979964538028934, -0.7992164614635808, 0.10760560985659134, 0.591332461863057, 0.36057802485775314, -0.7012940797956387, 0.6149553655618185, -0.480870601841405, -0.7047039423552125, -0.5216855546339252
8, 58.963692468580476, -59.96879708451878, 54.83011336852123, 406, 30.479487428821667, 45.247146135827116, 33.78669078503639, 18.521925297980886, -0.24140026843166712, 0.32105511829295513, 0.9157780961668693, 0.7000168857700525, 0.7111800981551595, -0.06480144770616601, -0.6720879927791572, 0.6254170440641301, -0.3964230706658851
9, 38.286055960307586, -51.20871575046684, -27.62658499325069, 12, 6.724937061350067, 9.243273693357946, 6.519515396694312, 5.04688657506489, -0.9036220724668202, -0.41580805911204105, -0.10281443540790337, 0.14165861528844678, -0.5166390900463179, 0.8444032729393418, -0.40422764238152814, 0.7484568849396672, 0.5257492791446141
10, -55.01765451207281, 58.27214154904267, 59.00294846267054, 408, 29.30317164082925, 43.05547421547593, 32.5461314830035, 17.9562703394327, -0.8959477141990968, -0.35316667234191834, -0.26935291898984437, 0.05960528193852119, -0.6965498371427149, 0.715028345411206, -0.44014191323531415, 0.624573154981379, 0.645122833489998
11, 9.77398340479966, -7.609720912861649, -43.558799071395704, 8, 4.642192600467111, 7.325579881625291, 5.503831836516977, 2.481203016315336, -0.754037415350425, 0.6325627181268001, 0.17689540380599225, 0.6508964582396193, 0.6834929574914379, 0.33041061985161296, -0.08809867707729749, -0.3642825616134297, 0.9271120959202226
12, 12.152140569747399, -43.35277659673962, 35.024201553411416, 7, 3.553268037081881, 4.536318235519708, 3.9188243396318976, 2.5236236988687883, 0.6096117147865155, 0.7139693150756382, 0.3444145384931771, -0.5322769929230949, 0.04671840139992256, 0.8452801865508165, -0.5874136191814012, 0.6986166388664524, -0.40850952485731395
13, -19.758256104461605, 62.96865418056104, -49.33814015392356, 7, 4.67813233339219, 7.287859892619262, 4.706607023479179, 2.9847609563701796, 0.2061357482966152, 0.8928092011849686, 0.40049941766955527, 0.725019690348773, -0.4142244970423108, 0.5502404153246234, -0.6571563755155717, -0.17694574402766375, 0.7326907272442673
14, 6.819241006595545, 35.63532421451322, -5.267951104037323, 7, 4.622401117744554, 6.435520025540133, 5.286509271492863, 2.90302144672061, -0.25220836856507645, -0.6877820019283539, 0.680695862077307, 0.8012927016578265, -0.5428101044511571, -0.25156946709731187, 0.5425135436978921, 0.48198870145383, 0.6880159493610641
15, 15.464840244823828, 70.2629637041501, -72.78120504359298, 9, 4.008772842150707, 7.467525883700878, 4.092408491089248, 2.1080389402231576, -0.9694278724695614, 0.10520285858815248, -0.221679856153014, 0.19596723255180762, 0.87563285603412, -0.44143396470991636, -0.14767005060311153, 0.471380377167328, 0.8694792097436616
16, 13.56130454315606, 6.88857372481934, -39.79507269698808, 8, 5.229188556326209, 6.4713217522702, 5.116811088671286, 4.31827732369998, 0.49894549930197657, -0.42796006279042687, -0.753593772123095, 0.6153530119103826, -0.437356721640986, 0.6557894241052302, -0.6102409847421932, -0.790929379079993, 0.045129345763207936
18, -22.491865672985337, 60.1407727438647, -23.387854431400495, 8, 3.616926929495842, 4.323413735655907, 3.7457623591437272, 2.921811446045481, -0.7194116544194827, 0.2221489674483108, -0.6581008340270296, -0.6692538267053859, -0.4752366633888048, 0.5711824832846968, 0.18586604565013773, -0.8513518368058678, -0.49056484081276747
19, -73.13426372348525, 19.694269405886192, 9.459821142363479, 7, 4.173377473500565, 5.723868532261098, 4.361848162513127, 2.9114062426208123, 0.048397552535466154, 0.02092493187964604, 0.9986089445495713, 0.3319279277724194, -0.9432975751649193, 0.0036790559510402636, 0.9420623799267669, 0.33128814031567094, -0.05259886322821198
20, -70.74349384450342, -23.82523033425754, -69.10690921737195, 9, 5.573566874522675, 8.76925886954664, 6.966649554844695, 2.834084493076646, 0.6106145566671641, 0.5112898557261311, -0.6047582546916698, 0.7335445654975368, -0.6529430841912379, 0.18862051647650638, 0.29843296335222785, 0.5587915642154823, 0.7737504469442472
21, 11.865940360666936, 52.57558185210072, 44.0601207595269, 16, 7.24474965902182, 9.645026725376239, 6.810414553981419, 5.7888615849428415, -0.2081928580022705, -0.4953435160622162, -0.8433804212643113, 0.19446389883407794, -0.8660233490133274, 0.46063798260020855, -0.958561174848583, -0.06810550681744774, 0.27662630752342177
22, 64.19605470674122, 21.292171724330693, -3.151025092348732, 7, 4.19730450111605, 5.363241621871629, 3.9039959872954575, 3.5316260004305313, 0.12604140023536664, 0.5300962608353613, 0.8385174534111242, 0.2917340271118177, -0.8276885343339131, 0.4793985268618374, 0.948158648566699, 0.18420001189073545, -0.2589701387566216
23, -48.717812395705536, -31.815581296869706, 53.71088816548018, 7, 4.529116365561528, 5.739959429744456, 5.038370067855605, 3.212488274238297, 0.6193625185516304, 0.6173229471596755, 0.48507983829826784, -0.6058728493722991, -0.017116771127777215, 0.7953773359479452, -0.49930768170224793, 0.7865236137944309, -0.3634177265033662
24, 54.29359416948478, 16.738770872420368, -14.104381344844999, 16, 4.912756982848557, 6.4754489021396235, 5.268433071370618, 3.475557651669849, -0.2769322234167177, -0.21270178644893134, -0.9370520229287733, -0.19341860154120682, -0.9428920914638236, 0.2711895064946658, 0.9412214342073374, -0.25634440484709237, -0.21997672125084686
25, -4.175559544415947, -58.66754513495762, -27.882113093141555, 8, 3.7130106996409555, 4.5117267869451245, 3.8551920427507076, 2.942996819195477, -0.04422553577886521, 0.9805632782331795, 0.1911537584398297, -0.9979193437702344, -0.03437482309763839, -0.054546813529216066, 0.046915725660564234, 0.1931683952348479, -0.9800433081084408
26, -23.249878433536136, 58.23761199702981, -45.41623373100949, 6, 3.143150149385755, 6.016492293094961, 3.3179320175333986, 1.5555520075559357, 0.3888916333427502, -0.4355834405223134, 0.8118068513253335, -0.6770490413707866, -0.7327140987556807, -0.06880875717195899, -0.6247942806195557, 0.5228739005031654, 0.5798577334809788
27, 45.82143667406915, -34.13458861338169, 21.279273892448927, 8, 4.872184389894882, 6.377069321959442, 5.193452310786314, 3.4921578161714217, -0.9150537956954672, -0.3118505020646168, 0.2557847050653435, 0.05201016985649729, 0.5376506034237437, 0.841562101611986, -0.3999643649311984, 0.7833780013506447, -0.4757598278386403
28, -0.1592823243905599, 71.26460320418212, 70.69782956020262, 8, 4.573381513839672, 8.365987863695766, 4.762405077025802, 2.4008704875545104, -0.9572470922084344, 0.027603636675883537, 0.28795146066787486, 0.2888940709167135, 0.14205993976937775, 0.9467624777640322, 0.014772279704425004, -0.9894730985504289, 0.14396099123494385
29, -34.1273713520725, 43.07395493314358, -70.98670674134682, 9, 5.298827674537832, 6.724555738656288, 4.992725159154042, 4.431371194637256, 0.7599837689729908, -0.5150832500745063, -0.3963759785737415, -0.48177322900353814, -0.8558066976400003, 0.188386443487905, 0.4362559188287442, -0.04779269575155395, 0.8985525201788083
30, -26.532781283096032, 48.09788535300495, -72.17424763050553, 12, 6.047718785209954, 8.598311011151242, 5.585528654134297, 4.605717875014059, -0.17842774974577713, 0.9797467726835207, 0.090883439288375, 0.956613953695957, 0.15110677481716486, 0.24911139315283043, -0.23033298008502362, -0.13138875149943394, 0.9642010756396053
31, 69.07452898535067, 10.522147351501733, 58.80966745606437, 20, 7.930456657579428, 9.62133680397358, 8.434831674550427, 6.1458612270139374, -0.29910975443626764, 0.039039522142526845, 0.9534197766524243, -0.3797893154874727, 0.9117420584114383, -0.1564816115881687, -0.8753818770357499, -0.40890382076297166, -0.2578841498091943
32, 11.61526129218731, -72.03122800890057, 67.22336137481192, 11, 6.1029018629949485, 9.142053300336082, 7.454388988801524, 3.335441734840204, -0.3464332692503956, 0.16603378482361836, 0.9232641941793407, -0.9342954234833437, -0.1493261648489386, -0.3237186404110632, -0.08411927017374209, 0.974748418202693, -0.20685615677756627
33, 0.06479433623162549, 5.471503747050622, 50.530976658999336, 5, 2.716381885764577, 5.0565917736074075, 3.1077730147110363, 1.2754554445243507, -0.792997193877499, 0.49594120442623957, 0.3538329722547957, 0.03241296570071789, -0.5456239887285244, 0.8374030466737384, 0.6083624332229073, 0.6755270421502205, 0.4166033667253277
35, 72.65336062890704, -11.967421682298594, 65.52002422585208, 6, 4.252867423455702, 7.006419498269131, 4.40103953062826, 2.4945609953680052, -0.01852614570430151, 0.21191132339523402, 0.9771132856236392, 0.8429016691644564, -0.5223114215272535, 0.12925770794019628, 0.5377486011558896, 0.8260050665456359, -0.1689439907064569
36, 69.61089956481798, -44.717795926243944, -53.27600524428269, 6, 4.251727835848793, 5.477749751828274, 4.258701308653357, 3.29470852978749, 0.7193093313992285, 0.6742670543201662, -0.1672065346223071, 0.6103966878808527, -0.7283658659609344, -0.3112861203572415, 0.3316775078085347, -0.12184869618253748, 0.9354907407625878
37, 23.207950717980015, 72.83290188966957, -63.2238130039362, 7, 5.129763193957451, 8.084494582626709, 5.639314546068071, 2.9608251294624837, -0.4700404896956576, -0.3581656524264928, 0.8067089335494997, -0.8808117181376692, 0.13146596423077472, -0.45484878524652544, -0.05685644412055442, 0.9243560275514934, 0.37727082989702393
39, -67.65542536164617, 51.923912627217, -2.959266759688044, 9, 4.957230991765998, 9.738367013453614, 4.503159980411294, 2.777883028646397, -0.8683258046379556, -0.37915696392838694, -0.31976599835575825, -0.43875049117985343, 0.28650334990072257, 0.8517122970728446, 0.23131861898533898, -0.8798612545170249, 0.4151335559918551
40, 72.85050688783863, 8.321602001931385, -14.094243072219642, 8, 4.529585157719256, 7.107928006564897, 4.894375325836202, 2.671375854731728, -0.011745692249007855, -0.9790074050724866, 0.20348596886966883, 0.45518588597373194, -0.1864273726241163, -0.8706610384913165, 0.890318958533345, 0.0823974244118431, 0.4478200715983981
41, 20.858019843486595, -63.9210866758311, 71.72863636979021, 7, 5.262023100996853, 6.686719319209026, 5.714778472725025, 3.812815208404314, 0.6111048083470646, 0.7831776492968191, -0.11482021972198975, 0.7519362654204166, -0.6196959965045841, -0.22487490892002052, 0.2472706330333119, -0.05108465090512794, 0.9675988799503679
42, 23.125396363898627, 68.06596665960232, 22.124372453334335, 35, 8.693597724282382, 12.252726420494904, 8.113686321045527, 6.609181381734621, -0.6737064350350552, -0.2673384592515898, 0.6889483199757027, -0.7086617144636431, 0.49808872513561636, -0.4997061099748796, 0.2095667288617325, 0.8248865195272393, 0.5250181102175717
43, -51.75419055618014, 32.43939651158291, 26.819159927192793, 8, 4.7664643545856045, 6.752985465928527, 4.503612584244508, 3.560673969609785, -0.3288891742976723, 0.5595556327970688, 0.7607426666323293, -0.1960216227983946, -0.8284618277043755, 0.5246203612444046, 0.9238005382252595, 0.023419945384171328, 0.3821571296376965
44, 6.481415097591471, 45.027888152380214, 42.92277212134979, 5, 1.8497627728425607, 4.844031409557485, 3.4616993157479126, 0.37744337928336325, 0.5530654942525368, -0.8141654928691459, 0.17678548947336678, -0.5200749087973987, -0.17160945636668848, 0.8367032232069548, -0.6508768303654499, -0.5546933790002099, -0.5183383132537616
45, 50.73945864155407, -40.54712853865856, 47.271239643970794, 7, 5.3348063471516225, 6.8499981380295045, 6.043036754884346, 3.6678392063049805, 0.17129609401543636, -0.3233285901298425, 0.9306536793994331, 0.38398604721943014, -0.8480073575704855, -0.3652919887529978, 0.9073105111899963, 0.41993111853132625, -0.02110668077118616
46, -53.1701943065759, 52.55244236934985, -25.241389598276445, 6, 3.061408794646938, 5.580906854780537, 3.328107386811951, 1.5447630442923188, 0.9043068998739736, -0.35817335962954394, -0.23225174981474006, -0.2919514309100321, -0.9158508038633255, 0.27564772274133736, 0.31143762269499126, 0.181463906919768, 0.9327794260464292
47, 18.01236622969588, 16.077604741918204, 61.718570137614265, 8, 4.708333333499627, 6.711323828023195, 4.592135328466425, 3.3867156359116373, -0.5844449664351252, 0.3315917820587262, -0.7405882602902665, 0.8061210917609848, 0.34153490951676646, -0.4832418555955724, -0.09269771640511343, 0.8794320870041604, 0.4669114881011005
48, 55.44745043239119, -42.01694921882288, -29.551207511732688, 7, 3.9468317979439154, 5.626900144289605, 3.3604460654885666, 3.25146974906111, -0.32956672025562095, -0.8107726240153394, -0.4837701200438429, -0.9028145141805524, 0.1207063262936355, 0.4127419723963479, 0.2762457780399273, -0.5727807040569496, 0.7717580807320003
49, 35.2529407755944, 33.04153769425382, -48.92118381605894, 18, 5.916565649043891, 6.946357175957927, 6.253295508352756, 4.768074144962216, 0.5340450173807529, 0.5465930718622245, 0.6450053745535833, 0.4574252716799936, -0.828404961712304, 0.3232759506040003, -0.7110260475111129, -0.12239784803113629, 0.6924310265709296
50, 37.36683414358772, -28.98080980040129, -37.0893257780747, 6, 3.602761479436255, 4.405524260822437, 3.9384126758783675, 2.6951796209629375, 0.8013031429602387, -0.13199827262283148, 0.5835149776197966, -0.19340549711292754, 0.8658270279668507, 0.4614519165943421, 0.5661338947356406, 0.4826178754114672, -0.6682607272350937
51, -41.471800175114495, 43.35754940330295, 0.8965816543632315, 5, 2.195430666074192, 2.7821374611973444, 2.5806124134749484, 1.4738653624550442, 0.027859267352668613, 0.7108801457292466, 0.7027611825012374, 0.2609090791802995, -0.6838352964440519, 0.6813925005006762, 0.9649613016198425, 0.16437367716650444, -0.2045262345786011
52, -40.628204342321446, 10.64531407292558, 35.55805406277757, 10, 4.0333961832660306, 6.211832260307767, 3.407118028244323, 3.1003144938760503, -0.9968768357825664, 0.07896689876518327, -0.000896202849594232, 0.07539869505729949, 0.9550843313852174, 0.28658150101866037, -0.02348640167830507, -0.2856188874039345, 0.9580554472964202
54, -70.19224444786052, -49.1507249543553, -16.857937731090008, 9, 3.7258309003424905, 6.5016375094867085, 4.204412065767809, 1.8920882756978858, 0.4166670348638708, -0.6255383102540896, 0.659613829799079, -0.4662061480542677, 0.4758741613381191, 0.7457852305370118, -0.7804104109852404, -0.6182601434470774, -0.09334873031084939
55, -27.76151197426835, 42.802477758964464, 34.28342694479436, 15, 5.779801434182464, 9.047848528231604, 5.607179662376755, 3.8058262930285736, 0.4594925078600455, -0.23613060913666897, -0.8562178289718287, 0.49825658829926106, 0.8665641329180679, 0.02840731871081581, 0.7352598230808384, -0.43966912442051714, 0.5158333583575515
56, 36.68840642265808, -31.796081244286682, 2.23391327428025, 6, 4.064392620266948, 6.723418445971649, 3.769251942996292, 2.649364140194425, 0.25432935054658334, 0.18047853036825987, -0.9501284552767938, -0.8157995824481824, 0.567671992357856, -0.11054207511094379, -0.519410841942989, -0.8032284912579826, -0.29160995885514673
58, 68.35710354520212, -51.67958897147552, -5.639856071920673, 6, 3.06578321705215, 6.085601343034185, 3.1866851759855885, 1.4858729212774664, -0.959605925469533, -0.22497273232795342, -0.16894891983275825, -0.25678906031074294, 0.9457136217071285, 0.19921125526011843, -0.11496019445219476, -0.234548535332203, 0.9652829317174483
59, 51.76924020916214, 31.123072186967203, 55.58042956569391, 11, 4.952765757353809, 8.775817306950184, 3.8125759397873975, 3.631092301202662, -0.6707888932620286, -0.2450703512573074, 0.6999877024712098, -0.10047339091415554, 0.9651542112978264, 0.24162459753154672, -0.7348111038862389, 0.0917489582975748, -0.672037774427001
60, 69.49780918781796, 26.74631584646865, 53.599588046515905, 7, 4.5132777649234574, 7.972046228686146, 4.224180936745675, 2.7300076679031, 0.7655293012598196, -0.6096737163630922, 0.20557929975721811, -0.5309517575918995, -0.41815426887426216, 0.7370462933441183, 0.3633938910090891, 0.6733832244704706, 0.6438166765306924
61, -50.39951752292945, 68.70478111416321, 24.425024179348465, 11, 4.661116776409333, 7.304460920676, 4.698719527305554, 2.9505451087440386, -0.507055417242826, -0.8492686282017207, 0.14709725013429448, -0.8485181506469963, 0.4618805121585284, -0.25823117648877486, -0.15136628378639908, 0.2557522035888317, 0.9548188616131084
65, 64.52753006567461, -63.026528762626675, 2.891469858930849, 9, 3.9962723936465756, 5.133875964410319, 3.7645267174070214, 3.3022465352887695, -0.03259950584131558, 0.4242631597210358, 0.9049519564719581, -0.9278777642632862, -0.34935505712405535, 0.1303606483859812, 0.3714567630353059, -0.8354351054183509, 0.4050531543266409
66, -40.40990898616323, 28.066237024180943, 37.4557481778921, 8, 2.9171126534454217, 4.791243397411563, 4.011159122035611, 1.29163997863264, -0.09607168043619829, -0.721509143350008, 0.6857075092781926, 0.9948402995764831, -0.09216631642966816, 0.04240458058228898, 0.03260384266828972, 0.6862433432668941, 0.7266409452165061
67, 45.98156100783552, 43.44232873939508, 52.25063720150838, 5, 2.90903706864862, 10.278872733805354, 2.929254826573271, 0.8176079822808127, -0.8926787600155803, 0.12815563017482978, 0.4320888402534113, 0.38592684404727406, 0.7125233651241947, 0.585978604725296, 0.23277693713243522, -0.6898453367288794, 0.6855131719614594
68, 35.65358303747958, 17.499083701412616, 6.886726010407047, 7, 3.9657127292686596, 8.024498098790533, 3.1841864450574033, 2.4408853804744903, -0.07718414195297786, 0.05217766534518342, -0.9956505910559732, 0.9407445825106376, -0.3269382504309569, -0.09006115079228752, 0.3302154428670352, 0.9436041922566197, 0.023851407670412713
69, -6.6660284513805, 15.864419340592836, 10.253160238237625, 7, 4.057208195244288, 5.1419816096044695, 4.597253005425659, 2.8252244608709285, 0.5664253785479405, 0.8205858886677055, -0.07616488597939568, 0.7569552373912165, -0.5545831509551142, -0.34562450327299404, -0.3258543526221931, 0.1381170807544414, -0.9352767573724061
70, 65.3830050140111, -60.397072203589694, 40.99157513894579, 11, 6.861005286352087, 11.231485086321918, 5.8562063761956225, 4.910318964670315, 0.5656530447940886, 0.6519417269449114, -0.5049837795249102, 0.5449762135324482, 0.16405320200361953, 0.8222453852690175, 0.6189002824357187, -0.7403097538060983, -0.26249554057267677
71, -22.933036005667883, -56.70916068642017, -43.2249481132093, 20, 6.076329962862265, 7.210148293708873, 6.429327952602801, 4.8396535297707866, 0.7162501997856683, 0.5651316497713964, -0.40940428641338145, -0.28071638958114564, 0.7704387077967841, 0.572383181224735, -0.638892760897725, 0.29504307474516384, -0.7104685947439211
72, 17.93827826303498, 27.9082530088844, -17.200347394977683, 10, 3.4805667320343763, 5.885396762802341, 3.211902899732106, 2.2305488599906576, -0.9539481706213991, -0.1328958856408926, 0.2689267025563075, -0.29441972315579823, 0.5864865633691316, -0.754553203958693, 0.05744488127717796, 0.7989819738687401, 0.5986049540789508
73, -35.909507171914655, -41.21648420466265, 64.6732215285424, 10, 7.053217222747553, 8.872769847316547, 7.948925351093732, 4.975012119105988, 0.9337901137764897, -0.13622487796462546, 0.33087581663943544, 0.0012159301105063595, 0.9258986152055451, 0.3777701362924556, 0.3578191511465762, 0.3523556966816021, -0.8647606131691976
74, -39.516398015337955, -3.1347035541762995, 13.198072618761012, 8, 4.432885520191313, 5.7386416401764135, 4.045492720105229, 3.7521398574565477, 0.06157034293299626, -0.9208620051439412, -0.38499644200095295, -0.42081695265824337, -0.37371857459003516, 0.8265878775797659, -0.9050536919026089, 0.11111973042026412, -0.4105243236213726
75, -59.407284108923626, -4.441865011464979, 20.023534028710255, 7, 3.941799136966679, 6.43228088419701, 4.608606144879151, 2.066088283035682, -0.86997598283012, 0.22033350649167635, 0.44112915933527835, 0.4767897126962076, 0.14773625197970533, 0.8665134561667561, -0.12575117958029053, -0.9641717408055845, 0.23357974027319695
76, 38.59806293245519, 10.686583512355917, 48.112400045543914, 6, 3.574060277576934, 4.793966195716779, 4.640970210838272, 2.0520213266567384, -0.1479818986060998, 0.8924874219492053, 0.42610745047158594, -0.4848102623370182, -0.4409957281675237, 0.7553024409272797, 0.862009493693454, -0.0948101756166473, 0.49794644629909307
77, 72.4220188810557, -34.93675758503106, -23.732671194250525, 8, 2.9660611650426696, 5.40825125403751, 3.1953252093413527, 1.509970221442844, 0.14596928066853018, 0.9590881389217167, -0.24257557766764073, -0.6074012001754657, 0.2804295166904306, 0.7432516856315735, 0.780869227929053, 0.03884878310126858, 0.6234853814846305
78, 17.270444222767228, 72.8696124121731, -63.51751182210882, 7, 3.125348824384708, 4.3274502190033886, 3.5480988239993274, 1.9882349397366599, -0.932306726840693, 0.2759049746626862, 0.2338388591401688, 0.2693263705043743, 0.09810652363673296, 0.958038838550325, -0.24138656391467528, -0.9561650249702179, 0.16577385736348452
79, -49.39391821543737, 47.673471870867175, 45.111426483316144, 13, 3.915807292846115, 7.1870133534191565, 3.5226467197487, 2.3716270229814733, -0.48818889812301564, -0.33848795682705995, -0.8044237085221184, -0.14772314041002796, -0.8763755773789812, 0.45841435531738806, -0.8601450305249896, 0.34262479544933616, 0.3778343234890993
80, -31.113116590981186, 55.706200823388954, 47.47121670583741, 14, 5.71671649384268, 7.247204002694487, 5.717090185615729, 4.509147432380397, 0.8897874716706885, 0.4444979381017999, -0.10344002262728014, 0.35450121985691074, -0.8159204413749052, -0.45673046588391986, 0.2874145792715582, -0.3697234322704325, 0.8835708478963779
81, -45.120837296286936, -31.29362378704695, 61.22959376971918, 7, 4.5220993218116385, 5.265056525463039, 4.98358345042679, 3.524321484273469, -0.6483438553283021, 0.49783599051057337, -0.576029141459345, 0.7585947996391863, 0.486692408377108, -0.4332025272184744, -0.06468520092275373, 0.7178369077864737, 0.693199825880775
82, 40.39414357040938, -21.968460234741134, -35.03909876788547, 7, 3.5035662348127814, 5.110802903757881, 3.5058325528160266, 2.4002180343022026, 0.05338588428317182, 0.7271521905544216, 0.68439728165095, 0.5322203525401161, -0.6006340676097053, 0.5966407739743359, 0.8449209689085592, 0.33239796719974973, -0.4190705760371343
83, -68.4315499340822, 16.60222228835662, -62.86836817928822, 15, 6.962708380028911, 9.480141937792107, 7.923251864420422, 4.493826662505023, 0.2530023173036594, -0.8808938196550165, 0.40001988192160387, -0.4621376660836468, 0.2532099815214041, 0.8498902769444359, -0.8499521192548073, -0.3998884641390972, -0.3430315017935463
84, -23.875912730164966, 12.320885236811487, 39.037637989558036, 9, 5.408021158752277, 8.880749494867064, 4.319081508941758, 4.123577169485092, -0.9528461206369382, 0.17042855127644874, -0.2510744497095398, 0.28274357093582975, 0.7990456862872966, -0.5306430667785255, -0.11018322686140983, 0.576610874104426, 0.8095551595678562
85, 31.81212460202476, -49.93970024101032, 36.426622428680034, 25, 6.266050793098059, 11.612394974495974, 5.286966562210459, 4.0073139673361275, -0.5681270848652609, 0.7073088324473082, 0.4206492969024512, -0.14619943206450023, -0.5897714717091032, 0.7942262506503396, 0.8098501969540527, 0.38972275619997276, 0.4384732965567897
87, 24.480512815655796, -71.87748456829924, -25.454344439590574, 10, 5.364851266363077, 8.190109286457776, 4.920875136680028, 3.8312546276764814, -0.3701361362306061, 0.08200085068282438, 0.9253513392996042, 0.88509757092161, -0.27139332245172226, 0.378084586405319, -0.2821374321229713, -0.9589689906435496, -0.02787372201819423
88, -47.38604890619501, 55.02153689757837, -24.91244285445507, 8, 4.30775121962913, 6.611243523486129, 3.8720226278839194, 3.12270386632955, -0.7607496450265716, -0.444196561088361, -0.4732329159190213, -0.04943796718058826, -0.6873454887220372, 0.7246461664388456, -0.6471598450097138, 0.5746699872541957, 0.5009376615470892
89, -49.27555531773172, -31.196717759582445, -60.38966544990553, 6, 3.6327962213502896, 5.035951010423227, 4.190160457685009, 2.2720137780157277, -0.7337505790968344, 0.6732829558370033, -0.09110515383033034, 0.47457216125084817, 0.6038524555232976, 0.6404244496614591, -0.4862009373096258, -0.4266758410525163, 0.7625984364141911
90, 46.9228862361404, -42.301372398325995, -56.355728410332496, 5, 2.531978403313634, 4.1929712672576285, 2.7915698416385424, 1.3867865050490056, 0.09929996540209439, -0.7819282975186912, 0.6154085264364347, 0.10274910090424326, 0.6232166803693671, 0.7752700120427436, 0.9897384195505964, 0.013751612592977306, -0.14222782434031775
91, -30.342677026686545, -21.247285616329865, -56.27690643362332, 9, 5.043124832195486, 8.204384103151297, 5.017574988034646, 3.1157262902216747, 0.2343940496990344, -0.2872967212282654, 0.9287195612439608, -0.6656540298192483, 0.6488130865250961, 0.3687089520735478, -0.7084942780651668, -0.7046291029508126, -0.03916229339110515
92, -19.367856832693903, -6.37639559312662, -64.0692572227641, 8, 4.199333078798466, 6.553321917250712, 4.664092362768804, 2.4227707652615313, 0.3080960970342029, -0.6685342837310054, 0.6768594436576642, -0.4462503738519886, 0.526786692513521, 0.7234337457069759, -0.8402008086340143, -0.5249358932926351, -0.13603275011485957
93, -8.008883820264987, -72.9568961056318, 62.37034729928094, 5, 3.4302242451846743, 5.279507906588499, 3.5379287532187407, 2.160851934647117, -0.9512768841750915, -0.015914884252735673, -0.3079269492807532, -0.3082546705851747, 0.07229584288901114, 0.9485527761613439, -0.007165730706274836, -0.9972562496972329, 0.07367920156499805
94, -1.1232265960319499, -29.489971186107336, -70.4157467557915, 8, 4.8617333807977845, 5.65591276313764, 5.298065388559883, 3.8348943038730523, 0.9652406271286953, -0.10888229771567248, -0.2376029818507303, 0.04300497884898072, -0.830537369705542, 0.5553001434510876, 0.25780051112129604, 0.5462163699183277, 0.7969859306781039
95, 63.534003595149095, -61.75765245991294, -13.59172071123856, 11, 6.644674489046291, 8.212054743140703, 6.8835129227823275, 5.189902075640075, 0.7921584868852347, 0.5610831184286873, 0.24014717543630432, 0.5363168974941913, -0.45216021770165726, -0.7126817824177878, 0.29128871780056953, -0.6933519104627388, 0.6591009111962829
96, 1.0264237505508351, 51.154145375563886, -17.18157915844128, 8, 4.821825203845107, 7.125310733057831, 5.387481580612965, 2.920416417278068, -0.1699242233494788, 0.11175787687432871, 0.9790995533017155, 0.6612833238112698, -0.7237045632968057, 0.19737292294663664, 0.7306367934673121, 0.6810006475914117, 0.04907131557113679
97, 32.14445355333798, 28.426928007662816, 52.54863803333399, 5, 2.5568242415807374, 5.5480247862807595, 2.912578468236164, 1.0343954428102942, -0.08679826291376261, 0.946805351191596, -0.30988011957870354, 0.5771920244144948, 0.3013215958603391, 0.75898264988106, 0.8119824065258132, -0.11298195795407706, -0.5726426884798339
98, 44.15830457627964, 13.728678953797194, 72.75413873521349, 6, 2.9499857308882804, 4.938985068258006, 3.561590160231609, 1.459412594720828, -0.682346902841482, -0.6848985926703263, 0.25557116805470015, -0.6992644485411603, 0.5095759195560632, -0.5013597642561869, -0.21314768398709766, 0.5208131142423346, 0.8266327871819128
99, 31.209964435435214, -15.346374226710351, -66.77091285517952, 8, 3.8908437815734795, 5.215019216287595, 3.9967779685644156, 2.8259563313816622, -0.2299599518546262, -0.5286018859108118, 0.8171281825726923, -0.9705921989029018, 0.18599649289619022, -0.1528269873391064, 0.07119834247963922, 0.8282423261593496, 0.555828611341933
100, 11.355757212966942, 62.15368582965828, -4.124586303603761, 12, 4.1157633398801385, 5.796933892689877, 3.7921624248422603, 3.1715086850149663, 0.009686427120991156, 0.8214960588622099, 0.5701319131600039, -0.7283676921600719, -0.38484786172764457, 0.5668973702012299, 0.6851180030819801, -0.4207568758766942, 0.5946233877467687
101, 35.90429033728879, 6.225192535610302, 63.60430529748248, 6, 3.426898870074883, 5.402561665877329, 3.8064393440228974, 1.9569747338168593, 0.35294656001594693, 0.7077111856969573, 0.6120241853164924, -0.38585101086800566, -0.4858148362843092, 0.7842849879082143, 0.852377688108416, -0.512960839134389, 0.10160440113250832
102, 51.82008912299118, 27.990360035326386, -73.11083123290283, 5, 2.9862328521286163, 4.547288642225715, 3.212931704911957, 1.8227075410145963, -0.5683767464673379, -0.6504138367675623, -0.5038945475161468, 0.08902190411466114, -0.657457192762989, 0.748214635162939, -0.8179382462405113, 0.38041014790027466, 0.4315844583757479
103, 72.37396552600232, 34.73901336902944, 47.071386974226776, 5, 3.7118539003385975, 8.473617383149149, 3.496443469476622, 1.7261449451069089, 0.38371804368901763, 0.02927743138006355, -0.9229860751708332, 0.47296691670572927, -0.8646810210876027, 0.16920114501024083, -0.79313476701589, -0.5014674104891416, -0.3456409662756493
104, 6.0818552581533885, 17.43682737371009, -44.536954278506755, 7, 4.8922983809029805, 6.046508345526513, 4.799773389062644, 4.0347201761933285, -0.6817246146627168, 0.424596202327781, 0.595793265094358, 0.71249842407076, 0.5702260037500173, 0.4088866595328938, 0.1661250897957714, -0.7032498628624901, 0.6912612277021153
105, 12.347312242046172, -37.68016132305944, -67.86712176252257, 6, 2.182829722349589, 3.736873403847071, 2.3270759381052013, 1.1960260398918696, 0.3654667834416719, 0.01429643494985603, 0.9307145868355792, -0.8091581820261659, 0.49912010464208273, 0.31006798867697827, 0.46010549514313337, 0.8664148735391156, -0.19397989650809333
106, -47.63976406008219, -61.051447949808754, -49.1447404156571, 7, 5.611587597251079, 8.146039715780352, 5.07724520690523, 4.2725049897335845, 0.7009825581556218, 0.663593394492819, 0.26128004123372756, 0.5914952767724428, -0.3362784858989725, -0.7328370333692108, 0.39844295792182294, -0.6682518886669855, 0.6282377118380552
107, 23.626075455668612, -60.50607231513433, -52.34310979901752, 8, 3.816534123327372, 5.136887787815423, 3.450431932030245, 3.1364177710364625, 0.5508768518007293, -0.5296653532110948, -0.6449723310017907, 0.5362147298625307, -0.36757275455046906, 0.7598447430828443, -0.6395376905457332, -0.7644245441637436, 0.0815270424551442
108, -15.39887535039668, -53.15305941951754, 72.83115314594959, 6, 5.0151060198411415, 6.898484015544864, 5.553644412078147, 3.292369909051712, -0.5920088707332496, 0.8056016166641657, 0.02305498213456602, 0.7970641509570057, 0.5894875022569034, -0.1311229344626826, 0.11922347181796968, 0.05924964059806615, 0.9910979991184876
109, 24.121447168151654, 47.02975799232752, -51.522943358198475, 13, 6.155638692503322, 8.833109013680712, 6.566609662921674, 4.021282378530061, 0.33025810150319496, 0.15237647595683407, 0.9315100621928255, -0.8950547956958573, 0.3638837427151884, 0.25780910474503, 0.2996773249569508, 0.9188960938879659, -0.2565608495933948
110, 11.931880342208947, 62.78706627632897, -73.3729358058726, 5, 3.552578931845607, 7.048115070880681, 5.965114904494038, 1.0664473221737014, -0.6334725712381256, -0.7504945390323398, -0.1883359986077905, 0.7234002384576156, -0.6608082383451624, 0.20006140840908737, -0.27459897393913, -0.009508891512603567, 0.9615118223369793
111, -42.11378113325831, -46.39694266064362, 18.799951665326052, 9, 3.8033529912550548, 5.174766323616811, 3.7579605351596572, 2.829156324706019, 0.23735605890449935, 0.7165061028748176, -0.6559581586080511, 0.7730190489842489, 0.26962921693148795, 0.5742313430007107, -0.5883057463673209, 0.6433654404147411, 0.48987473793933856
113, 66.76120875244293, -4.321205010007262, -15.102751188223321, 6, 2.8318613765994667, 4.648385758494317, 3.3425139715636445, 1.4616405313414387, 0.38501192091642505, -0.24213945156202274, 0.890580881643822, 0.6842579310351956, 0.7224348558375357, -0.09939297201730347, -0.6193197111086304, 0.6476545105750766, 0.44383187173081695
114, 42.382932186224366, -32.97117438661822, -40.25285532404345, 8, 5.848225482663748, 7.102337895056305, 6.986580244483012, 4.030940102597452, 0.6190648250155718, -0.3074600776947857, 0.7226527818062807, -0.6261087845899433, 0.36224709461805027, 0.690481594468734, -0.4740743953091531, -0.879912122353532, 0.031750978686710805
115, 45.97125857679122, -31.84370432342252, -33.56929137363976, 9, 4.354284968120515, 6.9535807271556145, 4.7729095215376445, 2.487475672798522, 0.44011924624208765, 0.4827629442820533, 0.7571228359489757, 0.7559313067244388, -0.6542729391445675, -0.02224366464887194, -0.48462656613229455, -0.5821227196487453, 0.6528937361221724
116, -50.76264295168702, 23.496971770971975, 65.35941040543563, 7, 4.443715650773806, 7.899886282324252, 3.652501320434354, 3.041078016905812, 0.20012564898481536, 0.9714883140408723, -0.12712269781761915, -0.5195913535928133, 0.21523304931254544, 0.8268612699571867, 0.830647066984526, -0.09942429363916386, 0.5478505817687499
118, 10.035830080014556, 2.138793878777878, 29.411285889863578, 9, 4.670622052526611, 6.2512187415385725, 4.647627561399083, 3.506938599325906, -0.3378794310411752, 0.01909381914381182, 0.9409957046393971, 0.94118395839764, 0.010254825924572249, 0.337738945045143, 0.0032010208123334615, -0.9997651047199837, 0.02143569103152215
119, 72.98655260062708, 9.684407043636742, 48.15401395029461, 8, 5.229000640914515, 6.916301958915559, 5.672077795138814, 3.6445168336847713, -0.09557454379427538, 0.05928588933678014, 0.9936552168152006, 0.5636653190375132, -0.8195419461126522, 0.10311356203829428, 0.8204553093818425, 0.5699440164502418, 0.044909947892550386
120, -22.17378282987489, 21.46932171409508, -72.22567234394178, 5, 3.382318636556719, 5.195846451832749, 3.2978682308206597, 2.2581560386936266, -0.045489179859800964, -0.4776840639059369, 0.8773532182684415, -0.9944787165901959, -0.06148594348010259, -0.08503858538027621, -0.09456646744380207, 0.8763774380052642, 0.47224968966694897
122, 25.36621816918602, 4.094256090318763, -44.946380918013844, 5, 3.0346034466027683, 5.822774363838625, 3.930107633637394, 1.2211568063989842, 0.6458987245193071, -0.22709115896796328, -0.7288651749006256, 0.41967957521564475, 0.9031478247497229, 0.09051552793117743, 0.6377177211048383, -0.36435369103171067, 0.6786475491891358
123, 27.537452655023184, -50.42697920893358, -45.36045287043999, 6, 2.6078399223453794, 3.923433195054352, 2.9567191441353815, 1.5288555457812731, 0.3853877150213111, 0.029241424569497257, 0.922291303330894, -0.7380960697843101, 0.6096229028307009, 0.2890918679472405, -0.5537964435418565, -0.7921520406042108, 0.25652415809622314
124, -62.51092667744695, -46.11650822925001, 28.433933023163462, 6, 3.5560811840513344, 5.3563678312462635, 4.059043850501939, 2.068334925199246, -0.21440698489060175, 0.7960137286492212, 0.5660316145164379, -0.7364149580939549, -0.512439307163667, 0.4417000859962557, 0.6416561807740967, -0.32213056401959983, 0.6960669834138195
127, -60.04773718021721, -5.050185710331722, -57.57082632080664, 7, 4.041596582612153, 6.7842952125037685, 3.512922058895795, 2.7700374023650594, -0.07993934140084379, 0.6610872876029675, 0.746038403747522, 0.9691253784358398, -0.12358819220402413, 0.21335875800944146, -0.23325030025273338, -0.7400605089568638, 0.6307969090876377
128, -16.499564428121534, 62.90065632539278, 6.009529973826564, 27, 8.604941763703989, 13.160248746851096, 8.16714063824997, 5.9280201893504465, -0.6980630742843789, 0.7048737734160251, 0.12594009635892836, -0.16801766861807335, -0.3322211016326402, 0.9281159424673957, 0.6960445440866472, 0.6267233067153717, 0.3503425316272087
129, 69.10441652824255, -64.80370267410657, 32.25768543335115, 7, 4.36182970006165, 7.747883069611586, 3.86460067137156, 2.771522656490515, 0.08625118119860266, 0.7203591447438064, 0.6882175792042933, 0.45576587774166344, -0.6427990040535498, 0.6157003370748917, 0.8859109427184064, 0.2605612077262017, -0.38375729126629976
130, -68.02181792463917, -14.96448072596354, -73.19011342328221, 5, 4.180162955133585, 9.051825442847365, 5.614324085047936, 1.4372952413277869, -0.86442463226087, -0.4997767227856902, -0.05471089930036822, -0.49622380557994983, 0.86560902371121, -0.06695485677289031, -0.08082072702229458, 0.0307285767864551, 0.996254869324244
131, 58.620069188456625, -23.920887309841653, 70.66868184173286, 14, 4.92710010450019, 6.307006228164185, 5.513575885786519, 3.4396760441517653, 0.2151940033126298, -0.7760135513382118, 0.5928697235293268, 0.96529164984505, 0.07702022177080906, -0.24955944417672632, 0.1479985529581448, 0.6259958894256671, 0.7656536911322658
132, -5.340339452831766, 61.03877929213265, 52.32171966308484, 6, 3.2520197933615473, 5.958914751087761, 3.152060602181655, 1.831039906572082, 0.9359677946427276, 0.28504884982161344, 0.2066674638326123, -0.17673278326719996, -0.12730917746724385, 0.9759907256994006, 0.3045156986269472, -0.9500208032185343, -0.06877981347570666
133, 33.228705699283296, 48.85571926142579, -39.027392117250564, 5, 2.286244568303982, 3.539392629952036, 2.182205818869412, 1.547189852408069, 0.38806931938014894, -0.19771259684162762, -0.9001732791001786, 0.3534329476015615, 0.9339703353597131, -0.05276897021675587, 0.8511682294972598, -0.2976728770281315, 0.4323233782439889
134, -53.08656631847983, 45.04392426185837, -39.65175204763286, 7, 4.168039877433481, 6.064973469541067, 3.9809387116612593, 2.9990326871681723, -0.7161288544974012, -0.6529713761529818, 0.24655191275088723, -0.6647532058059669, 0.5304061494371077, -0.5260917144471963, -0.21275018008671492, 0.5406456312263896, 0.8139039638120024
