# Void_ID, X_c, Y_c, Z_c, N_particles, R=(abc)^(-1/3), a, b, c, vector_a, vector_b, vector_c 

0, -53.714002093001255, -38.15577055956374, -35.42014567477162, 6, 4.228449371308484, 6.767110303436458, 4.1406511138901525, 2.6981836764782234, 0.2873484529611182, -0.9570407532521991, 0.03877967502849063, -0.8233954403301078, -0.26750083428042465, -0.500463038098584, -0.48933711837999805, -0.1118762721659065, 0.8648889433342408
1, -14.671121221298206, 71.28999170567614, 8.095778391024481, 11, 5.480446644315153, 9.466300621955916, 4.667549001373405, 3.7254495248855934, 0.5813295273297444, -0.3181604542768037, 0.748885776329711, -0.6484965291974086, 0.37471939659400516, 0.6625991438533099, 0.4914348708358927, 0.8708382738204623, -0.01150949937690197
2, 58.013762382647634, 57.33419569112364, 1.5501491947448627, 1375, 52.25006027994391, 129.4622014198349, 38.5526431392859, 28.58006693132201, 0.056752940901753215, -0.01561385570808505, -0.9982661524908721, 0.6075630227311151, -0.7928830872221461, 0.04694234130195629, -0.7922412998000229, -0.609173717019217, -0.03551204562062631
3, -53.02529087627178, -58.74544135419461, 58.176370758729526, 682, 32.25776192691735, 45.79243144734475, 35.79081352557139, 20.480352302468482, -0.8921168411915891, 0.1910553425744929, -0.40942080764915245, -0.1325040902288618, 0.7557030743695309, 0.6413700409756141, 0.4319377359469332, 0.6264269466284019, -0.6488598252341216
4, 27.56805277793526, -49.09270634069767, 38.393954113361495, 12, 6.765161759157525, 8.372786460033485, 7.959255306116017, 4.646138001000006, 0.5539840329734232, 0.8309105890457208, 0.051858309095017936, 0.7368238746638742, -0.4603520386163315, -0.4951429876986072, -0.3875464732594201, 0.31251174946469235, -0.8672624386601225
5, -6.739354632126643, -60.323614307970715, -54.62587924371016, 1215, 52.3718968088219, 129.30583972639496, 43.82886354149004, 25.346416188433214, -0.9979486628280946, 0.0054591301362304214, 0.06378608200676616, 0.05875678688915838, -0.31749714361978676, 0.9464371103183448, -0.025418622190831602, -0.9482435139200428, -0.31652508898109366
6, -58.990202687118945, 54.612476118272895, -58.22178154362266, 567, 29.88007826849124, 42.66213394334968, 35.165618546698745, 17.78215356631624, 0.09454686420522253, 0.8032198906952741, 0.588131530918409, -0.7489810348056287, -0.3317900801575202, 0.5735353103432741, 0.655811177070389, -0.49472532773301386, 0.570226753256117
7, 57.1912491778337, -60.55442595248233, 55.18123546798101, 648, 28.30255738700674, 40.397176968968274, 31.337952248233112, 17.908343156045643, 0.5595090116658931, -0.09339604722869549, -0.8235452897240749, 0.6653831317399354, 0.6430612732698925, 0.37912726994567447, -0.49418109419585327, 0.7600982681091704, -0.42194273184500863
8, -71.71701352365407, 40.121121324406054, -48.57530700616883, 14, 5.237062424451064, 7.125515040123269, 4.76854898769959, 4.227277345565361, -0.46517665214342574, 0.2135983354470353, 0.8590613676536096, 0.023232647790715818, -0.9671717432316221, 0.2530594064067518, 0.8849129484741799, 0.13767559765100404, 0.44494325866808254
9, 7.935462352978952, -31.532466121580395, -70.59457467228573, 23, 5.994538454518866, 8.394241265622755, 5.514838394456568, 4.653213866004311, 0.8718650761801248, 0.4264124929863894, -0.24088103861150578, 0.18499882718858493, 0.1686558858374046, 0.9681583683009967, 0.4534608283813207, -0.8886661791682704, 0.06815936565281387
11, -55.938335561606635, 59.86503544215011, 55.1676293893673, 664, 30.73621265112405, 46.774137303444846, 32.8883906664523, 18.875681817028656, 0.6232250253986675, -0.09945443505729956, 0.7756928406684334, 0.6581237293017125, 0.602500028973138, -0.45151619241991126, 0.422449671140642, -0.7918980555821569, -0.4409464195549871
12, 71.60054804465237, -49.97550493062001, -39.99139331208687, 12, 5.620590620481482, 9.446363354268, 4.472029416593868, 4.203166215042968, 0.03589779440670997, -0.8918360146264817, 0.4509322248097682, -0.5040355792282292, 0.3734704983400879, 0.7787605034551186, -0.8629365464672345, -0.2552416695697627, -0.43611031504246994
13, 23.734623682638595, 39.8301058638569, 2.0682431971146054, 14, 5.241253523714694, 7.3127476559712505, 5.317766231051443, 3.7025051649751046, -0.27314884743213497, 0.717519377246513, 0.640746166919688, 0.9398145896851741, 0.34117917796595565, 0.018582398590131773, 0.2052760194503588, -0.6072583567133933, 0.7675278783473372
14, 40.71867250672756, 16.798834216195807, -8.96301429400097, 5, 3.220798841163338, 5.148157912329282, 3.409745334140076, 1.9033427417551176, -0.5469955734067111, -0.4620008663330307, -0.698105323128962, -0.7997135979478629, 0.5349282096623487, 0.27259855422345586, -0.24749546244476295, -0.7073945221833168, 0.6620717378458997
15, 5.482427463270568, 10.058931990159277, -72.80602385815982, 5, 2.6868809088592926, 5.14116185098848, 2.474800870392461, 1.52455717511715, 0.004049420591907945, -0.9922688330119888, 0.12404098204180695, -0.621466786375288, -0.09967619092956276, -0.7770737998376638, 0.7834300451381998, -0.07394065184186185, -0.6170657536923911
16, 39.76006917210769, -30.495273731897026, -71.69432797596474, 5, 2.814074531251853, 6.002107789761603, 3.0480634252482943, 1.2180889307832523, 0.45039027896559747, 0.7434981550459281, 0.49432690606176016, 0.7360900274386672, -0.6225561534777322, 0.26569777430823965, -0.5052920621963437, -0.2442014111554461, 0.8276748169849408
17, 72.1966138077725, 57.559118176699776, 31.41489070560405, 6, 4.201316260467526, 8.138198618656459, 4.99379919460751, 1.8247222383703015, 0.0546494942614349, -0.9928715287221692, 0.10592242552864838, 0.022795231788653978, 0.10729387840120777, 0.9939659959301064, 0.9982453657216102, 0.05190521274910155, -0.02849629282555087
18, -34.61387552295843, -29.773496674159933, 65.07850891653824, 9, 3.1194433877465144, 4.960895744857368, 3.1974224465714642, 1.9136883164371148, 0.0015801037607535329, 0.3462855944308437, 0.9381278113145257, -0.1881501101759691, -0.9212712725353726, 0.34038034379474125, 0.9821390122140937, -0.17704668731928544, 0.06369796854210685
19, -14.920628675010644, 49.52710110743677, -44.31791988035809, 9, 3.9461630564957337, 5.594551449431138, 3.8960100316896185, 2.819289934173861, -0.06909242185230528, -0.8615889655167221, 0.5028823836071488, -0.9228907299588746, -0.13620937267207286, -0.36016622183688457, 0.37881253648547425, -0.48899024662676527, -0.7857414338733426
20, -40.149485496427744, -71.10114537146431, 45.93415284814123, 9, 5.480295653077175, 7.217795542484643, 6.174322482442455, 3.6933297246818513, 0.6208902622096558, -0.7317222548552678, 0.2812077951315492, -0.09525803037970934, 0.2856440196929492, 0.9535897449437217, 0.7780881633474465, 0.6188618874701989, -0.10765116950326298
21, 12.725354695981297, 44.92318001356726, -11.328566717473883, 11, 4.493266287203918, 6.563156019816987, 4.774928445393018, 2.894722090284319, 0.9136344276394168, 0.4063281457752263, -0.013021927002628643, -0.20503182433503586, 0.48820316261857727, 0.8483039685272408, 0.3510471245315113, -0.772369801299925, 0.5293494180577437
22, -3.7341895903425417, -7.280578787570608, 6.892167882012185, 8, 3.556318698564476, 5.036299488898068, 3.6152958466634293, 2.470282543808421, -0.15629950736556217, -0.8452909566127588, 0.5109341079493223, -0.8436584579000579, -0.15474607973956994, -0.5140953775506358, 0.5136252236903657, -0.5114067358511443, -0.6889501289027382
24, 55.84587354779193, -27.05234055294897, 63.08051647837318, 14, 6.346016734540356, 9.832084438083742, 6.3825710508201015, 4.0725120811999895, -0.9587035602443896, 0.2800361522555477, 0.04967128954073681, 0.2759445213786633, 0.8735933971631495, 0.40086057121404206, -0.06886294138237449, -0.3980129770030812, 0.9147915420691823
25, -18.685803898198692, 59.27411251820531, -48.89332382258485, 18, 6.439658534457281, 7.654249993322196, 6.084699025377713, 5.733855901380569, -0.6224971027006084, -0.7803535325308639, 0.059545960366340994, -0.7745727820290891, 0.6251930837979383, 0.0957633192351932, 0.11195696704120527, -0.01348970858934953, 0.993621489951334
26, 11.15682076321857, -26.262357991338206, -67.51553362949073, 5, 2.6988873033587004, 4.653569472334422, 2.5399761288237173, 1.6631767828518544, 0.6424562307870298, -0.44124857656258476, -0.6265378561622716, -0.46083303667353764, -0.8756967182391097, 0.14418103195462037, -0.6122768196111699, 0.19609934050563727, -0.765938734377682
27, 10.702741091729774, -4.141195904557559, 10.996728379160182, 8, 4.646737075795052, 7.28952193814221, 4.8392629509726195, 2.844238630570457, -0.36014269323114056, -0.9042597663580922, -0.2293720023416741, 0.16800902269684764, -0.3047189373864434, 0.9375069799689637, -0.9176438354855715, 0.2990997227415717, 0.2616660983987879
28, 3.776884588737528, -19.33849826185895, -42.45670425676936, 27, 6.859483890820016, 9.254591919238948, 6.800359009036287, 5.128439155585315, 0.51443422277943, 0.8419679309154702, 0.16262666983999222, 0.6788571870965782, -0.5157280213589225, 0.5226638762269037, -0.5239373530877957, 0.15847590130721081, 0.8368841250401526
29, -67.77881993889486, 7.352681689001342, 72.23140424652225, 18, 6.824654838684811, 12.36994992615655, 6.536896236423641, 3.9309954559822686, -0.8026191340208234, -0.5925010456442684, -0.06888422616326716, -0.5919342730342129, 0.805406080168462, -0.030575520193951863, -0.07359580226562878, -0.016234436797171885, 0.9971560063253678
30, 44.0268695768521, -13.420052007822726, 41.149060926088694, 6, 3.8818706496534836, 5.311103953293434, 3.674915161697015, 2.9970297933633008, 0.8366619679469033, 0.30993849820288805, 0.4515914954059181, 0.4736954678065586, -0.8233774658548522, -0.3125094438604496, -0.27497155338459905, -0.47538161097604814, 0.8357050728427331
31, 72.94737034449618, -0.4653456902760568, 39.621308124482034, 13, 5.512456645874518, 8.56318718453434, 6.27568881768711, 3.117013780681795, -0.23693847646698488, -0.7237659272200433, 0.6480918460872773, -0.15635023488866284, 0.6867990930453768, 0.7098320997547996, 0.9588611799524288, -0.06685722389809007, 0.27589010347034304
32, 38.24324862974974, -72.33351513270269, -22.31613614394785, 8, 4.8676829586705885, 7.1546198705246695, 5.488463988775821, 2.9371726043174715, -0.6592229813684395, 0.20385043292337893, 0.7237886858971042, -0.7351099539329325, -0.37726508641625905, -0.5632800459807311, -0.15823531990180867, 0.9033914188037675, -0.39855429738906095
33, 31.818610180400615, -53.80679188897311, -20.454985017950417, 9, 4.145655999539351, 4.797809054057461, 4.117157487238401, 3.6069435625625283, -0.027331642101465138, 0.6417677064456151, 0.7664118946777718, 0.8140531528611626, -0.43067426733935005, 0.3896628539757344, 0.5801469173035728, 0.6345501449178379, -0.5106619898992998
34, 60.01850640613595, 73.2746651966766, 13.137754058896645, 7, 3.309922105792924, 6.398345419969686, 3.1274738172599728, 1.812140871044094, 0.8369455723920622, -0.049417322450353594, -0.5450504904090637, -0.43853939877681036, 0.5352653912316762, -0.7219239272042965, -0.327422211485104, -0.8432371488445229, -0.42631655636951726
35, 31.00696871323284, 5.473791860127089, -19.035241250692234, 6, 2.786174211675469, 3.751310647074493, 3.4616675226454103, 1.6655451925401168, -0.7106257519182396, 0.7031617372484483, -0.02397106548279718, 0.33429879418093494, 0.3674341385729844, 0.8678919690954063, -0.6190762125294506, -0.6087328848360937, 0.49617428188018514
36, 55.97200020428772, 25.757460868908368, -13.171804486925073, 7, 4.312104935888777, 9.281590491668233, 3.5022962355144873, 2.466565668022189, 0.7633664814168047, -0.6007192518803584, 0.23750367464447783, -0.42281911405315864, -0.1866994699554542, 0.8867735363155886, -0.4883601251542035, -0.7773542875283156, -0.3965156993370066
37, -40.55812586636245, 66.74332970672246, -30.54364443714313, 22, 5.758285694927907, 8.14498004339226, 5.03185504280216, 4.658664971128768, 0.20842881491799353, -0.4585663926373388, -0.8638716876107578, -0.7071845153086896, 0.5394844597240713, -0.45699735122190877, -0.6756089774562608, -0.7061680970277582, 0.21184694550712854
38, 16.177450509304528, -24.198096380737447, 39.0190388628076, 7, 5.034239339873543, 6.362725601742633, 5.1390329273708915, 3.9019076171036606, -0.697822970045637, 0.11245370154859578, 0.7073876359427733, -0.03548216472764933, -0.9918134528734787, 0.12266658340977693, 0.7153908850851585, 0.06049991493553687, 0.6961003101779701
39, -31.976462754368537, -63.99958328442464, -22.840784326689928, 6, 2.3791298867450585, 2.955842437418351, 2.335933816961911, 1.9503504010554629, 0.7025106222585582, 0.7109962277990715, 0.03103529715314955, 0.6561714379224578, -0.6302235223346729, -0.4150389812425478, 0.27553197576445987, -0.3119337685335932, 0.9092741359896716
41, 12.56110091972132, 46.49138041847794, -36.22013634065573, 8, 3.637288544056248, 5.3199812366437875, 3.701175933078804, 2.443900015932057, -0.4804301999121164, 0.6903328208417189, -0.5409504778453563, 0.8591034947153134, 0.4945067338002511, -0.1319252651850399, -0.17643131349151206, 0.5281133275111718, 0.8306433078793433
42, 55.48094733849656, -65.04799025938739, 49.70179836659962, 5, 1.788702250165522, 2.477349006188911, 1.754138155163755, 1.3169314549758233, -0.04554286644755308, -0.1592119306410783, 0.9861933930306372, -0.9845170641496669, 0.17443248023559213, -0.0173049194444917, 0.16926900990394242, 0.9717123396254678, 0.16469101768383954
43, 52.99587710934614, 7.310151387328357, 36.06078727564622, 8, 3.457239773756378, 5.955933459330552, 3.3184194092591066, 2.090775441071084, 0.052848368903552705, -0.8121055390485181, 0.5811124188579606, 0.6633772761477649, -0.4064158892172712, -0.6282966771219681, 0.7464165321018862, 0.418701228131051, 0.5172539435968986
44, 73.07461870254598, -1.5932518049283975, -9.547592557468594, 12, 4.029501808913302, 6.548583898072147, 4.915328154700972, 2.0326104405600134, 0.1347392836260433, -0.7981306045247737, 0.5872247130093046, 0.16547438155243246, 0.60243085221271, 0.7808298773433993, 0.9769665063336515, 0.008037812089541506, -0.21324126964317328
45, 1.9712533299341701, 27.279405657994175, 42.102656509976256, 10, 5.457486492010058, 7.639849759227926, 5.001355899586926, 4.254077817495332, 0.27764012601522126, -0.8895327680151732, 0.3628324889718612, 0.6659775501732365, 0.45041411414469945, 0.5946436146504055, -0.6923798546257006, 0.076541364023053, 0.7174618850517316
46, 72.69819452386513, -38.95137727651585, -53.93767592236473, 5, 3.295067805670216, 6.524542167176853, 3.551975766890139, 1.5437359972802773, -0.24619339620451522, 0.7813529485711953, -0.5734774463083842, 0.001830051172066078, 0.5920629070618841, 0.8058896729665532, 0.9692189961912604, 0.1973552224810117, -0.14719189373561367
47, 69.41895997317519, -11.182556396789332, -70.05530952901277, 26, 8.605867866099498, 15.526424888048416, 8.06915639902977, 5.087265704771962, 0.35998538063367946, 0.9006822434145222, 0.24327355410691134, 0.8752533714821469, -0.41631828004935517, 0.2461922529363622, -0.3230202183132812, -0.12430038654215927, 0.9381936646909901
48, -53.877575192426214, 27.196353690908936, -24.117210607887305, 6, 3.9974311651689476, 5.210422887356305, 4.479740032217671, 2.7366370189764337, -0.5858180138000301, 0.80999939583327, -0.026799877931169454, 0.7991164690577759, 0.5828242678698997, 0.14740672190421975, -0.1350189749184174, -0.06493728922316795, 0.9887128121352157
49, -45.51088517173231, -32.619980792819845, 0.6980528200901119, 5, 2.0912097713952162, 3.831163929266203, 2.4005421079372424, 0.9943808113814749, -0.9979467818919365, -0.05745915362844209, -0.028296045233050484, -0.05839219884652806, 0.6346848790224064, 0.7705617791288255, 0.026316755601617635, -0.7706319160303549, 0.6367368988601089
50, -48.758196870036265, -32.08038581634302, 61.12154271833416, 35, 8.570357006772662, 11.918270573040548, 7.402951903107609, 7.134746897827597, -0.15196337029651638, -0.6206492793764413, 0.7692214285221309, -0.07308438253064897, 0.7831854891653922, 0.617478066485668, -0.9856803777686951, 0.03761597493445416, -0.16437527585221898
51, 7.640432239834465, -36.605469886514335, 12.947788493215898, 6, 2.342351688798525, 4.020495549274121, 2.1895134601617907, 1.459920144833987, -0.7828574697272647, 0.04971201827313454, 0.6202119777394147, 0.6086839048454331, 0.26783672143992865, 0.7468382653763972, 0.128988705220031, -0.9621809631704017, 0.2399368834467475
52, -72.4895744749603, 3.3270746252870063, -13.761681828961791, 12, 6.1040964002736375, 7.5873248107210935, 6.535914648586245, 4.58637015240087, 0.27760437782201186, -0.2134147286972813, 0.9366909645070349, -0.10701878721714217, 0.9620751530087618, 0.2509150835357243, 0.9547160774788628, 0.16989865666989096, -0.24423688882955574
53, -21.37792267091863, -26.829947825476744, 7.1121751938032025, 7, 4.212916547129011, 6.136095244450934, 3.7369004713861567, 3.2609560527714323, 0.7629029567741811, 0.6227610763440017, 0.17363098898546978, -0.4350379319469763, 0.2958296097797397, 0.8504274453149222, 0.4782479234795583, -0.7243296789228139, 0.49661397475208424
54, 59.27235837184726, -41.86684618621715, -42.348322394206846, 11, 5.047601710696088, 7.48568449689315, 5.152829089500503, 3.334095074854198, -0.9916402929691787, -0.001089652339063862, 0.12902845429509543, 0.10316637928191126, -0.607294177717031, 0.7877502649297277, 0.07749985513446063, 0.79447630195543, 0.6023297917962899
55, -50.080799508346594, -53.08594612096114, 41.162557268296766, 7, 3.4255835480751036, 5.068116054217048, 3.2232103022894494, 2.4607556948872618, 0.15553019749986846, -0.9592355822184911, -0.23596070747394385, 0.38400694563929544, -0.16136997445753024, 0.9091195724679758, -0.9101368157405951, -0.23200609722489712, 0.343255222078327
56, 18.797253796921776, 72.99798627716594, -7.690006314916504, 7, 5.239838744023649, 8.982988236661882, 4.855939599878831, 3.2980683984184895, -0.099436824037129, -0.13536954829021502, 0.9857927791483929, -0.9945310581774899, 0.04532345407103623, -0.09409441445395605, 0.03194201536802721, 0.9897579855231146, 0.13913604043329317
57, -37.95543487221321, -45.276929069770716, 24.52168538972763, 8, 5.028570555596438, 6.586393919102831, 5.533534883767934, 3.4888579764226963, -0.9823255889907764, -0.1740379522322949, -0.06890013350287301, 0.16723935474815077, -0.9813744052488783, 0.09452658327599012, -0.08406804052281902, 0.08133306772279053, 0.9931351854895957
58, -58.52856401353974, 15.887581511944902, -72.46793744331441, 5, 3.602778337270806, 4.877711622004844, 3.655101790969861, 2.6229923960187596, 0.8130038438709195, -0.580765102923051, -0.04167307377537319, -0.2061877537177544, -0.3540941113128696, 0.9121973309270182, -0.5445285668061284, -0.7330274589402007, -0.4076265255987842
59, 52.90122665550484, -34.78794249313561, 59.72657241101821, 7, 4.54359678191179, 6.826484293911186, 4.9735285839150665, 2.7627248635326125, 0.7108674431823766, -0.14340349838576386, 0.688551316078965, 0.6325288679635013, 0.5584170301078261, -0.5367286574036895, 0.3075300138460676, -0.8170715128654771, -0.4876673389181995
60, -18.55315917288986, -60.923020224863606, -73.6794441452632, 5, 4.059414825420082, 9.814185489471702, 3.5680816856009114, 1.9102985682156217, -0.9852859129719708, 0.15418738992538167, 0.07374224357170404, 0.12533835947597366, 0.9451679551253207, -0.30157558297728854, 0.11619795756751443, 0.28789544177047705, 0.9505862660826319
61, 17.364420271170168, -43.80552356278844, 71.44875367144147, 6, 2.1563308355892823, 4.70720413725348, 2.3444112112266584, 0.908551098432515, -0.9607448266399988, -0.2305560906302962, 0.15431547931997433, -0.2736677439729392, 0.8789068968820061, -0.3906771461475632, 0.04555594355559498, 0.4175722161333502, 0.9075010194596159
63, -17.72732947674153, -48.14615791621231, 41.353161854389796, 11, 5.989978920731884, 7.125287037835784, 6.030594697787094, 5.001650903921278, -0.7855527139148064, 0.528822716138492, 0.32133077748169475, 0.6087304939734577, 0.7536904511753051, 0.24778597521650625, 0.11114908622167195, -0.39025278820666126, 0.9139740925918054
64, 15.242641080219599, 52.63481387012779, 28.109088846522013, 8, 4.396415998711872, 5.820209601377727, 4.947161508020018, 2.9512202689207925, -0.11977678890088353, -0.14943468805260565, 0.9814900890213887, 0.3317020025493237, -0.9378204437509156, -0.10230638683681635, 0.9357495938259133, 0.3133082975113431, 0.16189690659546901
65, -7.833021126409143, 71.26028247231626, 59.70550363350754, 12, 6.0481307104247275, 10.514055717614763, 5.759610995560249, 3.6534240135109943, -0.8736447223949517, 0.18768373170902294, 0.4489094740403941, 0.44855831952646336, -0.04679908686204965, 0.8925274670577223, -0.1885214391390086, -0.981113990482581, 0.043301324047922744
66, 27.864135994963632, -69.94703416912235, 30.566055960044054, 17, 6.173790047694054, 10.199697716873173, 5.354444312604971, 4.308775452167153, -0.35637424452101046, -0.6172683522483949, 0.7014108490425783, -0.9327532248623668, 0.1912583147718812, -0.3056005211701625, -0.05448687319835968, 0.7631513862551597, 0.6439185836003603
67, -38.478543855762126, -17.879747087919313, -61.21996970518699, 19, 5.673929529620464, 7.30066803109388, 5.803154805440178, 4.31146689283025, -0.526147186160753, 0.4625736550597798, -0.7135788338647369, 0.0676070634947281, 0.8592131409757596, 0.5071312091955978, 0.847701848211234, 0.21858268920297683, -0.483345822905353
68, 11.334232457804813, 18.34888576092955, 60.25052145290324, 40, 8.53286554839148, 12.052940329672964, 8.167236162674753, 6.311267491788612, 0.7110254790403998, -0.5551457422556534, -0.4315738326298175, -0.6365381453405623, -0.24738132581193814, -0.7304941267155574, -0.29876739728719953, -0.7941131433838294, 0.5292658668602069
69, -46.017965990676124, 11.510868357100605, -7.608803835581104, 12, 4.572892896200654, 7.038337919931291, 3.9447334097980775, 3.4441758457020857, -0.21228762579043364, 0.22313173315415732, -0.951391714067283, 0.9748461529307598, -0.019281539133978506, -0.22204323985368815, 0.06788918951024943, 0.9745975846000476, 0.21342587949776506
70, 15.74556775631286, 39.04958761711834, 48.75694877737546, 7, 4.525927216718531, 6.698341635738047, 4.736536100816121, 2.9220964790962793, -0.25836069678014795, -0.41976538216760273, 0.8700843489529982, -0.6922755280726942, 0.7086413560728516, 0.13631588937061725, -0.6737984443369909, -0.5671194339792247, -0.4736783761289244
71, -31.263699143271722, -27.862992848943282, 49.718145119347035, 6, 1.7686251787223468, 4.221966563888664, 2.60377804383901, 0.5032556511404318, 0.2949599030272393, 0.3580052067860168, -0.8859068390752287, 0.7113459076096571, 0.5367498938422269, 0.4537472327048963, -0.637954273700831, 0.7640234442570853, 0.09634584211259782
72, -30.57078033063088, 49.824652870013715, -3.5721332531428778, 6, 3.0037996776152593, 4.7311737679870065, 2.990816046334225, 1.9153771308309975, -0.958579695846861, 0.21402630462213523, -0.1879300605010608, -0.08880356175492593, 0.4023406217378385, 0.9111728439320655, 0.27062685404404785, 0.8901206463336317, -0.3666692526526041
73, 5.697177716378877, -49.94243849576234, -16.569184165854832, 14, 6.07141366351666, 8.88158587579383, 6.006955880070097, 4.194927983673227, 0.7170390513633759, -0.07899083059600509, -0.6925427405595003, -0.5110929098227467, 0.6160072521136258, -0.5994323171737888, -0.4739610072029434, -0.783770064512018, -0.40132960222988606
74, -73.19981768090362, -19.23464765733252, -8.463075017738731, 13, 5.123709221685355, 10.048951894674609, 3.89567813866271, 3.4359717876980733, -0.106204295948571, -0.08836330538072694, -0.9904103057744608, -0.9240060527542021, -0.3591903349963532, 0.13113015564242433, 0.3673329035026255, -0.929071703103371, 0.04350067237334015
75, 35.503127535446765, 3.2033055941811117, 63.0462067128545, 8, 2.625525649944146, 4.6817606881598595, 3.3039798291065057, 1.1700440124002736, -0.46851964205706803, 0.04595668370868017, 0.8822569513635, -0.8824410998175155, -0.07212972550156686, -0.4648602026974585, -0.04227351841957831, 0.9963359302572447, -0.07434825968952193
76, -1.9028863024606855, 0.12794742663999792, -44.89352550912887, 18, 5.904741461292438, 8.091829227378017, 5.919928585246785, 4.29773352403111, -0.6254057737374947, 0.7786239742402193, 0.05111090797639859, 0.7802835193233728, 0.624471546695981, 0.03453862822204825, 0.005024703786000958, -0.061481656658679114, 0.9980955656881595
77, 6.030502475993041, 47.63707724772807, 23.36543546734861, 13, 4.921070091870999, 6.036163722945568, 5.526665347393061, 3.572353878838249, 0.35119685081158175, -0.901710187879889, 0.2521497750418252, -0.8391650892478079, -0.1836863127531727, 0.511919223603551, -0.41528631685591033, -0.39137970767626523, -0.8211937648639897
78, 37.677494319834764, 56.824429636875756, 17.27527733912497, 10, 4.272745267745563, 6.087655124963526, 3.83516736448109, 3.341078221469376, -0.9349460113227056, 0.1172764341673272, 0.33484652290379224, 0.007170552875648791, -0.9373490452357515, 0.34831788723389207, 0.35471754831586855, 0.3280594540393882, 0.875529814188048
79, 30.330705866880542, 12.2244221179112, -53.96929641296588, 11, 4.66323183044001, 6.924186206961197, 4.471911832861124, 3.2749075857589767, -0.838694546918541, 0.34723289003126695, -0.41954830121171666, 0.5418645092115794, 0.6092018098243094, -0.5790129606180505, -0.05453724072592644, 0.7129533469921577, 0.699087415411465
80, 20.718441852192065, 16.512413794614307, 33.88684334716797, 20, 7.031927725846109, 8.149266059869264, 7.422262302982846, 5.748683515783731, -0.7866195012397785, -0.33132163955463517, -0.5210141374589662, 0.06914156029989503, -0.8857927483774359, 0.45890157066765874, 0.6135545655510827, -0.3249571942345281, -0.7196899450503983
81, 50.379988261218955, 28.775175135078978, -70.42197005901728, 9, 4.393654275351895, 7.169182156589178, 3.7779149234640084, 3.1315247797346735, 0.28921763412540197, -0.8921213773595755, 0.34709164232081263, -0.8670624689374055, -0.09048657773850274, 0.4899131088359902, 0.4056548225660291, 0.44264164660278854, 0.799695277978866
82, -33.18462051375445, -16.676024360915243, 17.891180091746712, 8, 4.104771665681715, 6.286426139463545, 4.624408131052903, 2.379068999942605, 0.32778905506896316, 0.33597722248334677, 0.8829913030995107, 0.8728902113701965, 0.24983417447669548, -0.41910089973375375, 0.36140975951278587, -0.9081311531028565, 0.21137832077340948
83, -71.28059616409291, 13.033283369410865, 71.34461923155148, 8, 5.103789161537063, 9.69136483606445, 5.216888370553694, 2.6295515481444873, 0.5803067865100799, 0.7749340828843474, 0.25044201068219357, 0.7027235107097187, -0.6318927995522979, 0.3269421315305924, -0.4116111041093911, 0.013735248747481893, 0.9112560792201568
84, -3.2468765378101407, 15.417332609392897, -17.335648240111844, 28, 7.641436896321689, 9.764207457838397, 6.95678726621172, 6.568699154966286, 0.3508552441754739, 0.5213199813657973, 0.7778984989465743, 0.8153584014618255, 0.2384683178333955, -0.5275637767657358, 0.4605336847616966, -0.8193645943159095, 0.3413947667749747
85, -5.4274163186873645, 71.78240997336735, -69.74852010515829, 8, 4.779930673814241, 7.386678546323166, 4.362620314295766, 3.3889735272293384, -0.9523516978041909, 0.15716729066299126, -0.26138991264991424, -0.0678484349591964, 0.7263691140638225, 0.6839477319267352, 0.29735977125876084, 0.6690936801971706, -0.6810953043129454
86, 18.660769631557223, -18.553399758085224, 55.46939697507546, 40, 8.007497726781367, 12.356887493383997, 8.097535827587455, 5.131312938525355, 0.35764323095503225, 0.7574988938179911, 0.5461563377061235, 0.728892842673922, 0.1391724688529759, -0.6703329380331067, 0.5837863849481036, -0.6378294833087345, 0.5023614306167792
87, -49.37601569171763, -30.36916309739855, 34.45698675443171, 9, 3.4481724708972314, 4.673820420485781, 3.3508803809727747, 2.617797172594681, 0.7756338473499071, 0.48206264003977, 0.40744048144860107, 0.45544122181672286, 0.01947449370606504, -0.8900528285247921, 0.43699591338509275, -0.8759202904218963, 0.204446121293482
88, 27.97364431335552, 8.427998450642948, -55.34468300674933, 11, 4.3596337540666905, 5.526020871848792, 4.508171153391713, 3.32611378798599, -0.28649951218475417, -0.08143324746362778, -0.9546133540472945, 0.928399238262609, -0.2696847507752531, -0.2556266605671187, 0.23662815536471066, 0.9594992242867197, -0.15286711445525974
89, 38.828162194280914, 66.87584556522768, -29.277120640382705, 6, 2.9439603995890016, 5.794300716773152, 2.5538442180486323, 1.7242508887493226, 0.1153563418320792, 0.04921985565745277, 0.9921039865902062, -0.6658020972458988, -0.7373683422479846, 0.11399778573911706, 0.7371570264889858, -0.6736952824975979, -0.052289431421639485
90, -73.69581736653126, -27.68674984898347, 25.085733368363503, 5, 1.964576581818976, 4.250361835945659, 3.2919210553195377, 0.5419155006218555, 0.10976454283015234, -0.6628064153427526, 0.7407019649749677, -0.48053844198304424, -0.6877141815962424, -0.5441801266197792, 0.8700773246751097, -0.2962040854071758, -0.3939905949058965
91, 16.79876523877304, -72.14376969771538, 68.19767097032044, 20, 7.056026112823515, 10.168768799550689, 7.668857833054718, 4.5048618605480835, -0.8690858227855753, -0.21657344964961922, 0.44473112499574746, -0.45228539294512027, -0.016177966994461605, -0.891726525742284, -0.2003191352856676, 0.9761322729480825, 0.08389296601987876
92, -29.121542491088032, 59.56227767335368, -11.860542319790348, 13, 6.445681458801955, 8.555359555386751, 5.963985148361282, 5.248457658203164, -0.023339480748365678, -0.41531418885101573, 0.9093785752795255, -0.5780041912499098, -0.7365785839114151, -0.3512308992964491, 0.8156999592594902, -0.5338221747567983, -0.222861980162585
93, -21.763738813596856, -43.233870005249045, 65.63100741822288, 28, 7.285176013595849, 11.575655522034769, 6.427342578442878, 5.196884973016944, -0.24362330019046627, 0.952768939682213, -0.18132577086872598, 0.9379195038462133, 0.27903573566763246, 0.2060244221574138, -0.24689004011741592, 0.11987662740190438, 0.9616001779812469
94, -13.591538969138751, -43.41064121910014, 62.038301889769606, 12, 5.28247715582633, 7.444887375612367, 4.979793582635944, 3.975972843183586, 0.6828766424498209, 0.7241017473521024, -0.09672719719960532, -0.33190896435557593, 0.4254762891469861, 0.8419063883556884, 0.650781015839329, -0.5428135838898487, 0.5308836808264022
95, -64.65974691839907, 57.486956068103055, -0.27081655362969415, 7, 3.595305852996143, 6.7986667179472375, 4.750605411401984, 1.4389139211895179, -0.37656232294429587, -0.8825174297616475, -0.2817158197646905, -0.9230695215125646, 0.3317126680967504, 0.19470327238826768, 0.07838032529506714, -0.33336120348809467, 0.9395354344651449
96, 42.79873045598136, 41.840196820146275, 52.82474924541411, 8, 3.2616693486070902, 4.673053520603796, 3.7167309658981407, 1.9978271743904583, -0.25899474242520876, 0.1266582254254633, -0.957538206719801, 0.9512179643946002, -0.13862526153384808, -0.2756218806221044, 0.1676487626232085, 0.9822121618045385, 0.08457636545845548
97, 60.64583007704521, 27.553524975549646, -66.86382299648541, 6, 3.18313405447675, 7.109374410855224, 3.36481972000456, 1.3482536334682853, 0.765614132164797, -0.15976857131532152, -0.6231444489437467, -0.5248064763520395, -0.7153311149378808, -0.4613887280598479, 0.37203919552716647, -0.6802759731326609, 0.6315151917174363
98, -11.297078874039869, 7.980930353007695, 55.550794406555184, 16, 6.216296499451403, 10.229178741273723, 6.434869556127609, 3.6493426914170457, -0.5546563669139748, -0.8320794867131296, -0.00020599273038494515, -0.8051173551916105, 0.5366211204357934, 0.2526337615432659, 0.21010083058154722, -0.14029077265967574, 0.9675619567218914
99, 33.27472422766889, 58.180973463972386, -60.25303739977057, 7, 4.400695300302796, 7.305507196194849, 4.005294670435723, 2.9125879797860073, -0.9527565899771333, -0.250854582482724, 0.1712508648228169, 0.038106666149713274, 0.4606396153766068, 0.8867688688382368, -0.30133496685598693, 0.8514006831058512, -0.42931819732779936
100, 34.898496858406375, 42.46035708783093, -72.89152054583901, 8, 4.565476806089218, 7.162368898858028, 4.947494458502188, 2.6854459778668858, 0.562821885886658, 0.8197867960924272, 0.10574088007719006, 0.7481597017458177, -0.5596268449238481, 0.3564756024248905, -0.3514094270940877, 0.12152120552846836, 0.9283016811125103
101, 37.6431829854859, 63.22733421250471, 58.79391411984329, 10, 5.403972922575098, 6.729468316215098, 5.50554279710677, 4.259499750090372, 0.5975398835241778, -0.7791454210295387, -0.1894162096722849, -0.5340964958419215, -0.5629454808882981, 0.6307402941598255, -0.5980694112954559, -0.2757259480646411, -0.7525212162036108
102, -3.217991580544893, -23.10783501147495, 23.623878985019594, 18, 6.411808392015608, 9.72276598954785, 5.750693738686434, 4.714455430608565, -0.4457787184529756, 0.894496805248535, 0.034011756417262326, -0.20828671088113912, -0.14060425304096416, 0.9679086166044341, 0.8705733629308557, 0.42438886581407526, 0.24899018118854288
103, 42.33678894079925, 64.85697851393235, 28.982835562663467, 16, 6.379825495590116, 8.213150243725122, 6.268403375904852, 5.043821356080709, 0.3417314361865479, 0.02549833658880158, -0.9394516806909674, 0.5821083475437305, -0.7905314044288463, 0.19028917555043282, -0.7378139990822793, -0.6118904586958042, -0.28499222676285924
104, 73.23913472733504, 39.63885238646014, -25.15034454358977, 7, 3.6029918053542267, 5.408558899553791, 4.782855492352026, 1.8080939794704327, 0.0396311597115327, -0.027668450682474546, 0.9988312309978851, 0.22329672780464876, -0.9740912949449779, -0.03584299742143089, 0.973944527440683, 0.22445624506626605, -0.0324260931827573
105, 72.13416267924745, 6.4079071730039585, -15.7298058647124, 7, 3.861728745739591, 7.143751064929601, 3.542710949004356, 2.2755336536295485, 0.0998886370334618, 0.3352225392970769, -0.9368287513408292, 0.6837460976182066, 0.6608865465714949, 0.30938688813955423, 0.7228509764698879, -0.6714572374381139, -0.1631920467072645
106, -8.856108304046607, 54.695875686437915, -33.5188666526377, 25, 7.896767015856634, 10.913894757739108, 7.253769250166847, 6.220201834164145, 0.28514568783448857, -0.26791048510175597, -0.9202803424402468, -0.8549321546873656, 0.3629969398667568, -0.37057284375543276, -0.43333929846139585, -0.8924445045042925, 0.12553827619126087
108, -10.394461196087407, -36.48456790951096, 52.760159890898024, 6, 5.001239839701785, 7.747503205847085, 4.824935577143539, 3.3464147257829544, 0.5478542200535912, -0.272218758889767, -0.7910453216333347, -0.4949487846057252, -0.8677995461860964, -0.04415482144138234, -0.6744490004342699, 0.41571732577283904, -0.6101619873980134
109, 30.134431655596018, 24.237128216799917, -71.85074815963907, 13, 4.913009603563724, 7.186414916571425, 5.1461892881469105, 3.2066000468992657, -0.7828170084167712, -0.5631690165055692, -0.2646472939245114, -0.6193971700084152, 0.7459312290692188, 0.24481369913640647, -0.059537191057213466, -0.3555661124846326, 0.9327529482845833
110, 70.83568946751974, 13.069552761607296, 19.88747824504341, 21, 7.391420639523086, 9.457558895643562, 8.112740126051863, 5.263045637544487, -0.16808873758973308, -0.3919614306176536, -0.9044956678744527, -0.05266794587311074, -0.9126692782377175, 0.4052911003692909, 0.9843638878854694, -0.1157627982955028, -0.13276562340379305
111, 34.16020152281774, 52.25565880311245, 55.734175911743506, 6, 3.2122881186148904, 4.707699347691291, 3.1869197223361203, 2.2093454711345504, 0.4636738385019262, -0.8844327210684553, -0.052776257847044414, 0.375432982885478, 0.1421721539905521, 0.915880534781365, -0.8025313992926394, -0.4444837910803213, 0.3979667230011364
112, -72.77894241382813, 49.30507247558543, -40.35919533903781, 9, 5.177694658681177, 7.629514135264246, 5.653800654414203, 3.217895471500879, 0.298007366344098, -0.7583525801517391, 0.5797352618065031, 0.18094147304823877, 0.6411967306020886, 0.7457391876496274, 0.9372575915594324, 0.11733761904177743, -0.3282987819377628
113, 24.65522458763925, -2.0203422684214614, -66.20624483077906, 15, 5.925644483443621, 8.3355713219386, 6.402715991111988, 3.89858642114217, -0.21166804728747785, -0.8247474488777261, -0.5243932525568847, -0.032298611943378255, -0.530354623434225, 0.8471604175529404, 0.9768077791582319, -0.196253965492736, -0.08562092970961525
114, -17.34037307825125, -12.07532535707908, -48.47597420068073, 6, 2.9706781261842266, 4.24690449640705, 3.17439321179951, 1.9446147641396945, 0.07789715258651278, -0.9034971610193255, 0.42145570781392055, -0.16209372866147698, 0.4056375204130638, 0.8995464552549584, 0.983695916809424, 0.1383874346288726, 0.11485321584225008
115, 31.86202864897541, 7.072314730520688, 35.4594838615488, 17, 6.305303297443957, 8.325197742031515, 5.987432341267651, 5.029013122453623, 0.12419379912971773, -0.785189930329542, -0.6066734488724691, 0.2842309464138604, -0.5576351385874304, 0.7799075722887031, -0.9506780050881627, -0.2692950529097514, 0.1539204506227988
116, 2.6103211902142376, 52.70704027961374, 71.50821066947884, 11, 4.823289849328299, 6.816705652179814, 4.571064464717674, 3.601124992619836, 0.028436312982708965, -0.7900524015175203, 0.6123794403475254, 0.8585957693041513, -0.2944036428969266, -0.41969012376041415, 0.5118639282435934, 0.5377208364062318, 0.6699638953388607
117, -3.1609930403913387, -17.322807798795687, -58.850021772480595, 7, 4.408741039387416, 6.194261056334922, 4.283069528998281, 3.2299748498784386, -0.4329712860917051, -0.7279577973603066, -0.5316138736737647, -0.8803994570010735, 0.21492520253888275, 0.422733903804551, 0.1934752220112701, -0.6510642077214429, 0.7339500908724921
118, -72.297610923065, -28.611223010328764, -7.315472151791336, 5, 2.890981097946623, 7.6000783743615665, 4.8481015879066485, 0.655761588351327, 0.06120318514436123, -0.9956308501561356, -0.07052219753776562, -0.14910227410711857, -0.0789816967455047, 0.9856624185974053, 0.986925874614842, 0.049810659467343546, 0.15328475533841462
119, -12.421813619781085, -55.281841367830815, -72.73672873098796, 11, 4.666197796679281, 8.176693838196243, 4.580020813261867, 2.7129653347319094, -0.36798164519114973, 0.9275102802697086, 0.06568248470042289, 0.929036907326237, 0.36967066038893187, -0.015297963044533295, 0.03846990548618212, -0.05539208284238292, 0.9977233000838794
120, -59.5255775957631, -9.157040420165544, -73.01860511421675, 8, 4.589947927762497, 6.263492809980403, 5.190184179304284, 2.974568146481892, -0.6298568417608399, 0.7656551882017264, -0.13058518930889237, 0.7602224696275661, 0.573251787565762, -0.30568641567139165, 0.1591921969206544, 0.2918124754571633, 0.9431348385078022
121, 71.07875331239133, -19.59707364358021, 70.91207316753814, 13, 6.0372887892505185, 7.976660426872593, 5.7698939985415265, 4.781200021167526, 0.3567991700347403, 0.763812669150893, 0.5378517999478192, 0.6937423398380268, -0.6022286514416312, 0.39502179344797406, -0.6256324145842996, -0.23218711813402151, 0.744763871300184
122, -73.25255540676488, -60.871507967067316, 14.639421647280253, 6, 4.322303602926401, 8.287452437672565, 4.6133161655165775, 2.112085711328737, 0.2749563127904844, -0.6037200893735324, 0.7482787446824047, 0.3366996054563677, 0.789454445107315, 0.5132202790087583, -0.900573373880323, 0.11083200254039927, 0.42033779924091647
123, 41.71151038971061, 53.29807101826295, 39.15386311788848, 10, 4.5999600894996195, 6.282783206235957, 4.363012002119711, 3.5507795422656403, -0.8087717108648524, -0.5434637600460555, -0.22480093687825886, -0.548086049472441, 0.8350993735067671, -0.04701828093729305, -0.21328385329985133, -0.0851832018957298, 0.9732696543283156
124, 8.897512600393469, -10.579178208368676, 13.197616983157538, 6, 3.35717502413398, 5.858863022499872, 3.828494038663379, 1.686866178598571, -0.004660986583009836, 0.39462752265602574, 0.9188293604181578, -0.3750545053233793, -0.8524549641351028, 0.3642178635899891, 0.9269910426971281, -0.34291347667274347, 0.15198011144720014
125, 51.29820276515481, -28.93698383208075, 55.400250301358895, 5, 2.5593187243503595, 4.505063760171435, 2.642207867070448, 1.4083324912790538, 0.2541870042169454, -0.7744782585314809, 0.5792861071605802, -0.9068589323450005, 0.01731882600600188, 0.42107830042862565, 0.3361485441189641, 0.6323634123886507, 0.6979403061572546
