# Void_ID, X_c, Y_c, Z_c, N_particles, R=(abc)^(-1/3), a, b, c, vector_a, vector_b, vector_c 

1, -57.351267379177095, 57.98003694541096, -59.770720296457334, 484, 29.810438698070968, 40.38977189426435, 34.46706279536645, 19.029589764080168, 0.794220334117938, 0.5733204740881391, -0.20129007641943575, -0.28001117918243673, 0.6393309038761567, 0.7161352769426723, -0.5392659829865529, 0.5124057272711219, -0.6683057460872976
2, 56.03021531398889, -60.33019171913016, -56.98883119563068, 512, 29.79414803221293, 43.717744282573676, 34.902395107551136, 17.333247474178684, 0.7154921504579183, 0.012352039623629857, 0.6985115673703909, -0.507192900266291, -0.6784118969021642, 0.5315192000869541, -0.4804439036480446, 0.7345779232040287, 0.4791335202098518
3, 55.84858414882332, 57.300211565466256, 59.208064993955304, 551, 30.324328150998554, 42.0814950475305, 33.32947109046977, 19.88172124209188, -0.6738511031515175, 0.7388241320498782, 0.00797450200495265, -0.449516258114046, -0.418503207121728, 0.7891705768209902, -0.5863956211233409, -0.5281987954639542, -0.6141223070348439
4, -69.83000670820924, 66.99773975350108, -7.267569270429624, 41, 10.57914087219902, 22.85227013111956, 8.849751576167032, 5.85451296334281, 0.03252792349541164, 0.1696446594516185, 0.9849683364010343, -0.5220929961987232, -0.8374621307417917, 0.1614809056627387, 0.8522680549647023, -0.5194977084578551, 0.06132938442313401
5, 0.8810928909800798, 10.123537351687773, 51.05833725700195, 19, 5.385361124996223, 7.549635584736173, 5.390741871689949, 3.837690678033099, 0.24145213910263694, -0.903735493917349, -0.3535010913091021, -0.4512859567112854, -0.42706250528887835, 0.783555104540559, -0.8590936210902397, -0.02966097790619657, -0.5109582924189682
6, -53.473205554186514, -57.493422221558475, -0.3941090910225482, 1205, 57.8876479860949, 134.21125272911942, 46.795016951776006, 30.88653385710547, 0.03572261163067873, -0.042836874476222926, -0.9984432368459369, -0.8852028680864076, 0.4623449735267475, -0.05150735662164355, -0.46383162607770184, -0.8856647941742157, 0.021403154217517487
7, 58.092250571011164, -31.919456714072382, 45.25207032527122, 8, 4.493423875305153, 6.563477601032745, 4.500287226265094, 3.07155237471494, 0.7646123574743281, 0.5745518859704346, 0.2919898510656957, 0.5172083478382399, -0.27670795263011677, -0.8098939645889994, 0.384530190913521, -0.7702745220238469, 0.5087373516825213
8, 10.590440215046158, 65.76201583769421, -72.34471918194804, 8, 3.2168139234898345, 6.047013230353805, 4.543710073106106, 1.2115080072443147, 0.3990200658572418, -0.9122636586175125, -0.09250948172524259, -0.8166921122644556, -0.39945095906383965, 0.4164768001557837, -0.4168896506370764, -0.09063083619149553, -0.9044274822908283
9, -54.56404677723648, 59.14089786339579, 58.70693100588032, 496, 28.60554377602571, 40.36339439234793, 32.57196739812169, 17.80405596553921, 0.8469513150429552, 0.19903869964767, 0.4930081804489386, -0.220016263126664, -0.7129488707477886, 0.6658053406658971, -0.48401065474510674, 0.6723745263928561, 0.560041232724159
10, 56.00483899258455, -61.15777693779596, 57.49887326464435, 474, 28.119964601899408, 38.846400765013826, 32.26436332229826, 17.74068656773391, 0.7217020520917218, -0.049393557947731676, -0.6904392981572398, 0.5453501464023573, 0.6548749735203223, 0.5231940241207697, -0.42630900274979683, 0.7541213731820763, -0.4995613963112575
11, 61.06660266927849, 56.76039318480547, -47.639281580960045, 623, 35.21356502805472, 62.86614241619801, 36.839953415747345, 18.853591875270226, 0.15079866559954883, 0.32089234491759633, 0.9350336172708883, -0.5399740550606585, 0.8190205729986421, -0.19399309489341307, -0.8280626681083647, -0.47563999409034463, 0.29678075022985084
12, 59.23241019066773, 35.74412139329081, 54.424706091357336, 32, 8.202734949770973, 13.038250032799649, 7.439892942050494, 5.68970886402581, 0.4582442077159519, -0.7852119299944899, -0.4164786562227503, -0.683084790009672, -0.011316083981965949, -0.7302514059560279, -0.5686892084014092, -0.6191237123852079, 0.5415518562521384
14, 48.013413896870105, -8.413780344578194, -50.58356524312677, 12, 5.839874457521265, 7.042049807927395, 5.863303550647386, 4.82357529022787, 0.32888523742441267, -0.5317923729901021, 0.7804046210997497, -0.6871981628250098, 0.4320588179695774, 0.5840238546709056, -0.6477601296886213, -0.7283694459848571, -0.2233489747939148
15, -35.80711506519097, -68.16697665845646, 39.27739093269068, 9, 4.07069945045731, 6.385695778307714, 4.688612174030495, 2.2529657024124536, 0.31626695525169457, 0.43626737022467266, 0.8424048876241584, -0.34164037542815473, 0.8807821300599047, -0.3278790832676686, -0.8850181167033432, -0.18410220271464764, 0.4276088306647589
16, -46.304525963353434, 72.25581795678906, -3.052058403859101, 5, 1.2416139055053055, 4.262775542507821, 3.247660931620724, 0.13826000149530912, -0.5457302750844225, 0.49149061901608204, 0.6786865537753559, -0.6933776063914464, 0.18993622729183487, -0.6950911627383943, -0.47053794938468935, -0.849918349596791, 0.23713463940875099
17, -30.643824702631584, -61.89996098824229, 48.1386589385293, 7, 4.430200788446556, 6.484158332404209, 4.363443396981766, 3.073174864627778, 0.2676509032824906, -0.6599655573437936, -0.702003174559747, 0.6370268500399167, -0.4254170815240596, 0.6428196473940208, -0.7228829686057683, -0.6192461302805594, 0.3065525139878391
18, -68.42789363692293, 13.577603971541476, 54.76057427690251, 6, 3.599218632097718, 5.955829873960648, 3.1228836113494842, 2.5068399246989634, -0.4980372622650459, 0.3198204648827906, -0.8060234212711772, 0.051519135000208986, 0.9387736678338527, 0.34066079802437715, 0.8656238583382323, 0.12813614175528662, -0.4840211411206138
19, 29.95070645791412, -53.682357877523124, -58.90165442098905, 11, 4.884714467407358, 7.875713157845567, 5.673482401383045, 2.6084225431194943, -0.0697572480597332, -0.890483475196055, 0.44963663857151326, 0.9005170283097829, -0.25013419695615663, -0.35567114760297364, 0.42918877905561575, 0.38009480911458865, 0.8193442060678128
20, 71.53243293860557, -19.022505794411963, -8.629584395127432, 14, 5.6736465079964225, 7.829897589219105, 6.42696407798993, 3.62931670350926, 0.4334031655941999, 0.3302111189878623, 0.838523889313662, 0.25360329689822286, -0.9375402472038145, 0.23812528776961556, -0.864781512207146, -0.10944816933048404, 0.4900755394578751
21, 0.4925777672457599, 69.0896988122318, -37.01639995400939, 10, 5.450650801616584, 6.535091190570842, 6.480675014690869, 3.823606430612901, 0.5249055848727568, 0.7633554611114364, 0.37651370089378605, -0.46455398374121504, -0.11372407558798442, 0.8782120648350403, -0.7132066482861352, 0.6358893572179056, -0.2949254180593054
22, -72.53436284523896, 1.6259865929079662, 53.802153807087365, 6, 4.516363134195324, 7.810569737746126, 4.408030459818981, 2.6757113440319116, 0.16946976749424067, -0.3519437796411754, 0.9205517768584947, -0.3868902615252701, 0.8353206795037111, 0.3905832663214929, -0.9064192867775682, -0.4223445730269803, 0.0053979803910585815
23, -30.001786429092714, 52.02882841678391, -8.01487120131873, 6, 3.855496738089736, 7.200850769108986, 4.110854826647656, 1.9360878936390906, -0.850532062601638, 0.04004121289259997, -0.524396712190964, 0.5154420960029777, -0.1346059112382913, -0.8462864138858465, 0.10447323176134718, 0.9900898696228532, -0.09384771662401455
24, 32.19600749334405, 32.45781245541695, -47.97251361877335, 14, 6.428477675969002, 8.91129184776423, 6.454340880230029, 4.618828686942844, 0.2834600142279263, -0.6488465078703929, -0.70615057144939, -0.8670023393143035, 0.14129068368967462, -0.47785341510344953, -0.4098260166917526, -0.7476865331988403, 0.5225011809705993
25, 55.190524518022094, 8.933947120566751, 16.89122678966889, 6, 3.651372606705387, 6.6270632637926, 4.311698996363684, 1.7037226925349123, 0.7190178896579743, -0.61552415792717, -0.3227123879863324, 0.315664996537629, -0.12444457892393788, 0.9406748411312712, -0.6191678967070973, -0.7782310439609129, 0.1048215526636422
26, -26.74503679792552, -54.5341615251587, -43.612911784105364, 12, 4.137116096151246, 6.798629849141239, 3.6367466584753516, 2.8639054748234396, 0.6012032922135224, 0.789532957660096, 0.1232570898574327, 0.6922724470828705, -0.43755676733902915, -0.573849226161117, 0.3991409029923101, -0.43032753121816425, 0.8096324817064613
27, 42.783554913233864, 10.727844891756277, 72.06677800908032, 12, 5.8221171216245375, 7.838293686281544, 6.241744617730848, 4.033808587067232, 0.6626530596468085, 0.6938538310383027, -0.281882570752776, 0.6108388863214584, -0.7184992461449607, -0.33261793133666645, 0.4333206405172547, -0.04822545430157935, 0.8999486252331976
28, 45.00057656134045, -12.894227146644841, -51.038549754662256, 5, 1.7704314176715652, 3.8665313398448578, 2.8573357826043586, 0.5022899735044606, -0.6143741622518073, 0.7765161825821579, 0.13988211803308784, 0.6134854250896377, 0.35864389392296103, 0.7035696060478752, -0.4961653171675509, -0.5180706279454654, 0.6967229022360429
30, 40.39039193282506, 53.846733079308706, 53.53969946968306, 10, 5.108598081837652, 6.140293524064843, 5.616849311490976, 3.8656568799011004, -0.6365368882815301, 0.6910696759529825, 0.3424083714442546, 0.6492330277938284, 0.24048019898085382, 0.721571721674143, -0.41631390257656126, -0.6816098421211121, 0.6017397756880509
31, -56.80227087391634, 27.954104560727387, -65.30534173756759, 12, 5.66200384648543, 7.271075582111169, 5.851150035542889, 4.266488571378725, 0.5755375245005409, -0.7624831699043624, -0.2955942717719416, -0.22214317567469877, -0.4936400079220293, 0.8408162415652418, -0.7870253918349459, -0.41825704798763813, -0.45348878091493783
32, -68.5039993795739, -43.130466098331695, -50.65971479283085, 7, 3.756535359922977, 5.494741144286045, 3.565922186423536, 2.7054738697556, -0.9739525287774081, -0.20976801375076118, 0.08610372869482744, -0.17124500159141925, 0.43153954927479593, -0.8856911238358781, -0.14863250357188673, 0.8773659429330318, 0.45622075913222654
33, 1.8968328621002908, 48.115361550841286, -67.59676111203423, 7, 3.5927284689290264, 5.541574227250213, 3.713724605536849, 2.253358730701148, 0.35194780413020293, 0.41524921406074056, -0.8388687819855175, 0.7857999665362381, 0.3558687856154032, 0.5058416946202293, -0.5085775808660621, 0.8372129344716048, 0.20105558085730568
34, 55.23909975955427, -66.18354115603461, 25.415129105137137, 7, 4.74867043829641, 5.449638848062604, 4.710416638605573, 4.171469246006218, 0.8118791162317288, -0.029456740563496685, -0.5830819848547558, 0.2887622517106774, 0.888272210797809, 0.35719580276278723, 0.5074136996709555, -0.45837187954732356, 0.7296756522089025
35, 70.66357119004695, -4.098073092478319, 69.49921952539363, 28, 8.046068231473711, 11.394531616062055, 7.555930224444806, 6.050158005664161, 0.2558472326043901, -0.8326043851991208, -0.49123531155228367, -0.34109214704771496, -0.5532150779996579, 0.7600060688548561, -0.9045431669030816, -0.02688894235603514, -0.42553336413014425
36, 16.119751456223742, 28.688568007271442, 26.030320786880594, 10, 4.743134106503687, 7.701558480014823, 3.9812364032223395, 3.480163341245581, 0.7326325824651012, 0.3141610454250983, -0.6037816961849092, 0.5464004451854296, -0.800418210589607, 0.2465304071665313, 0.40582761440257137, 0.5105227964488354, 0.7580701957565533
37, -49.96485732172089, 6.836802891787276, 67.56520502855632, 11, 4.581960256449668, 6.00788834763779, 5.251393544384423, 3.0490007735227027, -0.7971987066058046, -0.2144440782249989, 0.5643473748501563, 0.4155826040023256, -0.8729813303786995, 0.25533252057049516, -0.43791017507781016, -0.4380837067553035, -0.7850588159105372
38, 23.46151942592279, 17.025867072325546, 13.098003078324828, 6, 3.6416866764095475, 5.057547253399871, 3.4822757188629376, 2.742234736883252, -0.5822509120564251, -0.7069901661533474, -0.40143340714485054, -0.8037463577420805, 0.5748766030994545, 0.15332541741398242, -0.12237511113702854, -0.41192450299939104, 0.9029631974797779
39, -59.032769824834524, -35.67144673789203, 24.75706657124638, 12, 5.317268725911919, 6.183582626029786, 5.04456284699696, 4.819501534553751, -0.03170655514908166, 0.1368704972948415, -0.9900813912658096, 0.9923852895892394, -0.1136486352866688, -0.04749131188290282, 0.11902155841468523, 0.9840479940875547, 0.1322248613718293
40, 69.62067905194398, 6.693787532054378, -19.92575753843715, 14, 5.32611852233186, 6.528490509127025, 5.5980799507953005, 4.134096462458595, 0.5097592078359173, 0.7053758721296539, -0.49253469831457364, 0.36772154149945524, 0.33892857488552103, 0.8659724528201426, -0.7777701575296919, 0.6225530500635267, 0.08660994118943921
41, 53.851472324768295, 52.51499368539656, -25.31942827072465, 5, 2.6755242208135837, 5.651155348194999, 3.428015533285752, 0.9886592486373444, -0.9447158966391929, -0.11207643384765013, -0.3081407918682614, -0.19078761772691172, -0.5764079653430967, 0.79457783911403, -0.26666825750226764, 0.8094397633332724, 0.5231589719919562
42, 72.21776906884841, 51.51710615095306, -26.776655523475497, 8, 3.9038846124069995, 4.86743443826895, 4.1867757076874845, 2.919517695441397, 0.12747866813886083, -0.7684317540544943, 0.627105914922093, -0.8000194616477276, -0.4533931847662805, -0.3929420835089689, 0.5862747224249237, -0.4516052029906464, -0.6725583175289378
43, 2.1685225864023194, 70.96856439616936, -70.31313510953544, 12, 6.079749956950185, 8.114062213572346, 7.4055342493559975, 3.7399209860316116, -0.9262727927625574, -0.035994800226748426, 0.37513076086144764, 0.37585201326500256, -0.1607666173617561, 0.9126277219472916, -0.027458650959151537, -0.986335880468056, -0.1624424617789582
44, 67.90626192226402, -23.643995856718625, -13.531355028077689, 5, 2.1073979565137297, 3.41511495596461, 2.00566637172994, 1.3663930483726, 0.42712776484861575, 0.4589216779377037, 0.779071733548502, 0.3549732982659527, -0.8775555986609935, 0.32231991681702904, 0.8315983585924253, 0.13887787720723652, -0.5377333030497513
45, -40.234348137196335, 20.815863601701178, 71.91604115187273, 7, 4.148815335684065, 6.601817841416903, 5.325641492185162, 2.0311259260039685, 0.6430832884492794, -0.35601986403794383, 0.6780071832419364, -0.004913917214644179, 0.8834257363082109, 0.46854543199769105, 0.7657804760731814, 0.30464540836634874, -0.5663668754671588
47, 60.14456265481836, 18.843351964366676, 57.380421277506194, 8, 4.515558929473587, 7.157114634515281, 4.965561640511657, 2.590766019851806, -0.5287380402809977, -0.44539446926743015, -0.7225370935154778, 0.146533931599853, -0.8863779351858884, 0.4391605206590076, -0.8360406040675895, 0.12632467202247244, 0.5339271350930902
48, -55.82428555788518, -46.256922828567184, -41.66286108181206, 9, 5.99374448904511, 8.226502989106253, 5.50705971745694, 4.75291042879998, -0.011495651448498349, -0.9994268422806112, 0.03184080600080604, -0.7803465804821459, -0.010944192181910463, -0.6252515005878092, 0.6252416047637882, -0.03203453740093231, -0.7797735081970348
49, 4.642828859807003, 71.93607774598638, -60.457676879968744, 11, 7.472724719018926, 8.767993958278856, 8.521982474614216, 5.584651452868818, -0.8786867493776923, -0.012641620437978562, -0.4772313756457832, -0.4647416583474352, 0.251311708686679, 0.8490333421447344, -0.10920067520185466, -0.9678236484554837, 0.22669935603299673
50, -73.06905562652729, 49.39620066463723, 1.2486556047664834, 15, 5.500774985162399, 8.271458432312333, 7.445576100241218, 2.7026589278232493, -0.1685196069020694, -0.9848514749984172, 0.04084989942477293, 0.057886331781303924, 0.031483057613113284, 0.9978266330762243, 0.9839971111149041, -0.1705180027937561, -0.0517039267440279
51, -49.95600796082309, -53.89454760726191, 32.00329902051263, 9, 5.027706455276147, 8.169255301884403, 4.978120073306925, 3.125085498111561, 0.45732501936147557, -0.7929413937047534, 0.40261367688590677, -0.6827150282340188, -0.6031614073995392, -0.4124275776996855, -0.5698719302522712, 0.08625695782584858, 0.8171938083081518
52, 15.814435559552669, 10.066425570238874, -43.42085307894692, 8, 3.884003876964026, 5.362520452765086, 3.7573323144026913, 2.9079731684552237, 0.5715472667396586, 0.8197712991814402, -0.036176496801089614, -0.5193780159402438, 0.39554019497066223, 0.7574921984552359, 0.635279622245512, -0.4141533184714871, 0.651841108214766
53, 13.582182117466322, 44.686109390303045, 72.07092040997162, 6, 4.033141915121314, 6.3100663294207875, 3.478324351109971, 2.9890040953110164, 0.515518708547171, -0.8480953406568833, -0.12237137857334872, -0.6292003865685202, -0.47160655382587774, 0.6178139946055805, 0.5816763143535104, 0.24149855391816524, 0.7767439177589683
54, -55.64263859183744, 27.55622976127423, -70.68511202718956, 5, 1.89251557079005, 3.188142328729871, 2.508814328643144, 0.8474462480977025, -0.35020554911161905, 0.018904728541057188, 0.9364820791719499, -0.8786835050631646, 0.3396903606138478, -0.3354485904515704, -0.32445549972429305, -0.9403473135734599, -0.10235017612997227
55, -53.03088474476797, -3.2781187758609462, -34.106077991868, 6, 3.60302093494305, 5.343082701080687, 3.702068816643189, 2.3646342344138453, 0.9130246756916757, -0.20934133843441896, -0.3500887681725828, -0.3200224742919085, 0.1645537762748132, -0.9330100056600591, -0.2529259921917773, -0.9638974316472605, -0.0832477251197877
56, -2.9656674876297964, -55.58050746969902, -62.744417002317526, 6, 3.948042514281382, 6.57999199382208, 3.8667879805585783, 2.4186316791006672, -0.9508602469149481, 0.3034713149301723, 0.06139993364325704, 0.2882085726834711, 0.79506090871194, 0.5336796511671592, -0.11313977845391268, -0.5251507521204714, 0.8434548464966591
57, 45.39046242180484, -31.373449882472677, 56.344757244341814, 10, 6.174559138190181, 8.224621781172875, 5.9006655171491245, 4.8506610780409805, -0.859594830640922, 0.47436851678257785, -0.1899242939197133, 0.0602330290656542, 0.4631659049549895, 0.8842224418644902, 0.5074137457193885, 0.7486333246474692, -0.42670767028762996
58, 23.69851063053176, 27.72135121303313, 56.10820502059355, 19, 6.387219539917826, 8.692769808565648, 5.654481715933295, 5.301326447331124, -0.663798797384675, 0.6293966940620739, 0.4040185120689291, 0.7336849036988217, 0.6528477343697027, 0.18840461197326638, 0.14518133032559638, -0.42148503796941483, 0.8951383938212073
59, -45.46381986433472, 10.954743338848232, -10.532261058723256, 12, 4.696186091110675, 5.796584374004133, 5.563315749531664, 3.2116634015947594, 0.9995477486537244, -0.025560345617701485, 0.015841934641149344, -0.02969185884831368, -0.7554219132549019, 0.6545656013666127, 0.004763578424112657, 0.6547399496794187, 0.7558392068518208
60, -1.8932555917286482, -13.140728777114845, 66.56891240052855, 8, 4.365010426002951, 6.065462967377554, 4.749652759405137, 2.886888699560055, 0.4308920950564885, -0.5030789216777646, 0.7491619324160617, -0.6584505714742559, 0.39240862212050304, 0.6422291788845427, -0.6170695644277515, -0.7700175789220831, -0.16216683017164255
61, 4.052277887781981, -28.04706848062504, 62.07344601685105, 8, 4.552864458801223, 5.619575713748172, 4.294539482828009, 3.9105157298416837, -0.8003490045580022, -0.13150852149777628, 0.5849333121617233, -0.16861240422112858, 0.9856403336907262, -0.00910987073479572, -0.5753358393545338, -0.10591808804685943, -0.8110302279068959
62, -71.67882419672478, 31.95187470088328, -56.50739266522152, 14, 6.180744457113426, 10.763955612163704, 5.385377418312683, 4.073186737815255, -0.24987736740074262, -0.892109658906881, 0.3764328064155972, 0.02879692434719023, 0.3817465908586108, 0.9238183141267392, -0.9678491816440289, 0.24168139533873223, -0.06969981878101884
63, -29.964578935354844, -21.017184222337814, 54.72525675541341, 7, 4.207287739269794, 6.163475985793153, 3.9149310123315413, 3.086432777713267, -0.7621716422353184, -0.22133187440450897, -0.6083638624580724, 0.15486782538475444, -0.9747905759487668, 0.1606215729659899, -0.6285780336862838, 0.028205219624356827, 0.7772349201837413
64, -6.289607903076532, -27.1866249865976, -73.5938840191682, 5, 2.834317377086274, 6.291765655296465, 4.003647259398147, 0.9038931451138417, 0.6068931886019017, -0.755903690307182, -0.24554076771200448, -0.7377241999518482, -0.6507110682374926, 0.17982800248745068, 0.2957087459545658, -0.07200497658638147, 0.9525605602337169
65, 18.04094814372584, 4.24016742145955, -60.63941248608884, 9, 4.867339959792382, 6.906442887134541, 4.644707630066739, 3.594696555006894, 0.929968043891728, -0.33354614734868415, -0.1546169619706807, -0.26931960977977953, -0.9043601916800439, 0.3310582901733494, 0.2502526425999547, 0.2662322506633721, 0.9308565966777348
66, 9.687538978528893, -57.72815238368997, -23.3345918061768, 11, 4.4318744609309295, 6.715120659447942, 4.207810217889629, 3.080721114787413, -0.9230802730668926, -0.31450283209961527, -0.22138378006546078, -0.3758262552508489, 0.859888578800165, 0.3454652774348768, -0.08171557586454932, -0.40209401966499525, 0.9119446057797433
67, -23.21590600621029, 35.935706868851994, -67.27202372962311, 9, 6.034998157202052, 7.164930403301788, 5.802952057013542, 5.286527147200008, 0.1651849280252734, 0.9598312444608089, 0.2267992983016042, -0.5405706512982498, -0.10422856548272817, 0.8348172117849504, 0.8249226087993166, -0.2605002654398418, 0.5016396128671475
68, 64.25425576225263, 47.764754911600065, 36.59613061652663, 5, 1.9538813192017006, 3.422202485281646, 1.6624347849179903, 1.3111253736089004, -0.047456186427138454, -0.5208685408118046, 0.8523167683217162, -0.7703546901364262, -0.5240814800904331, -0.3631697311327468, 0.6358471213700689, -0.6738208704238854, -0.3763826149367079
69, 37.916859453281695, 63.90349106818374, -51.02031927700206, 8, 4.2227984755544155, 5.4127178167665555, 4.0063711768354295, 3.4724379913028933, -0.4462473874446244, -0.1393896080438187, 0.8839874469517301, -0.15932503835308104, 0.9843889905807348, 0.07479202749779813, -0.8806127419885753, -0.10746558701664695, -0.4614892699235059
70, 39.74148262664394, -56.40992214271713, -60.18871328229488, 13, 5.3955699800949715, 8.111818908471143, 4.908250938374084, 3.945181464301376, 0.702857067127589, -0.39011701272101107, 0.5948114487587124, 0.38202691204550165, 0.9123876429613821, 0.14698376592111184, -0.600039483419035, 0.12392540238792113, 0.7903133005215145
71, -3.660924765804187, 15.632266459204441, -18.295999111914792, 20, 6.886814683805716, 8.994910540061195, 6.938326779623117, 5.233636934715443, -0.06176885031297012, 0.2910675741639242, 0.9547063822984229, 0.9011392452034127, -0.39497651636409786, 0.1787221650358604, 0.42910682805711414, 0.8713628513949914, -0.23789516876883446
72, 1.06155513029411, -24.80630856797339, -40.34228215481051, 17, 6.3083032733495905, 7.662278641949421, 6.365536392974429, 5.146888325786559, -0.21512477680368758, 0.1988070852372972, -0.9561365348445867, 0.9581914962214529, -0.14616310600475105, -0.2459784604633855, 0.1886541464533878, 0.9690779583204305, 0.15905195290674626
73, 34.153259724611374, -41.04599093822639, 41.9441016573696, 5, 3.355068095059848, 8.422184628041084, 3.870370091240622, 1.1585819675149922, -0.8680296462577387, 0.4804538119506753, -0.1252544122964535, 0.4503603471178221, 0.6556672327886531, -0.6060330334158238, 0.20904566716767914, 0.5824642602163118, 0.7855159416645116
74, 16.1925192815993, -44.80861777110337, 36.40491293579239, 9, 4.446266550150252, 5.857068488911465, 4.781948340581266, 3.1383494630064854, -0.06195517595321315, 0.45736666826763284, 0.8871174031267629, -0.9174657152539493, -0.376043338057799, 0.1298001126190075, 0.39296083457027314, -0.8058580139578643, 0.44291606861088356
75, -72.21704914288397, 43.873062646106774, -45.23853854947483, 11, 6.540594567495414, 9.58909664421802, 8.728146867458989, 3.3431198541492946, -0.05880728198144363, -0.9529405524018151, 0.29739873431821906, 0.27850739668218155, -0.3017469884423734, -0.9118017245866956, 0.9586320115556693, 0.02920716614260642, 0.28314591267869116
76, 57.42311008807638, 35.09599843226875, -57.03791969520335, 12, 5.6373275737181086, 6.665420818495594, 6.154519945100512, 4.367149481937777, 0.2574736580475691, -0.5609579504222356, 0.786786815643023, -0.08183918171017181, 0.7986536005263586, 0.5962002806970934, 0.9628134106609717, 0.21789585637264494, -0.15972392440401256
77, 11.710580669560382, -55.667746374441776, 49.35309359602709, 10, 4.909416038375504, 6.032592251910676, 5.116845577273711, 3.8333919694265512, -0.8262174794872854, -0.41974955827032256, -0.37573259762967876, 0.033724996675293516, -0.7026169136271124, 0.710768666504343, 0.562340911893247, -0.5745779155318971, -0.5946704278792513
78, -65.82861172942891, -32.08178409960232, -48.65694845413196, 6, 3.0433506146108287, 5.377191189293471, 2.626423211619653, 1.9958862233615677, 0.44933183580291575, 0.4307411791600971, -0.7826640006476281, 0.6932724828360466, -0.7206742270727087, 0.0013867139205051815, 0.5634484589350868, 0.5432225096670091, 0.6224428802024745
79, 26.01596378215519, 50.5619353091482, 4.851957544438335, 9, 3.6301637457686478, 4.7902002808119155, 3.6930719715682034, 2.7041899992493446, -0.983428251734953, -0.17968304392366932, -0.02414285434365289, 0.12578537344558957, -0.7721328143511074, 0.6228875956618433, -0.13056382928164934, 0.6095284412794562, 0.7819387225062772
80, -2.529064262766164, -22.33581842613151, -18.02122141592616, 17, 6.445310743338185, 8.61976755325273, 5.684842543543494, 5.4640867635749135, -0.30547687591849176, 0.2654302988323264, -0.9144564695713298, 0.907098931878765, 0.3731803362689625, -0.19469967746914105, -0.28957797924475853, 0.8889787360133938, 0.3547695038367177
82, 23.600057436058982, -4.712709311494771, -25.944378578833327, 7, 3.769874320272221, 6.1089744811646565, 3.113944606882272, 2.8164459567264144, -0.7690038471366656, -0.09789922879465252, 0.6317031138837453, -0.621982576849602, -0.11350374053288961, -0.7747609792578426, -0.14754916870161616, 0.9887025042379801, -0.026393198536913458
83, -71.40883536962933, -19.61202857433675, 29.156262502592675, 7, 3.7599835179113965, 4.648806294746203, 3.4611950783873744, 3.3036215890047558, -0.5510536865234315, -0.44306747162490423, -0.7071287366221588, 0.13638132760695068, -0.8838235129872268, 0.4474998674537041, -0.8232496389608086, 0.15015729578955622, 0.5474603350673599
84, -17.306885930397684, -0.557886764660223, 72.77921340950576, 8, 5.311767406424637, 7.7826726721262975, 5.89255326549148, 3.268021214875765, -0.12988989630881162, 0.9777686440989045, -0.16461194808966953, 0.9831657459032349, 0.14852366313263232, 0.1064229184536872, -0.12850576220318663, 0.1480175668853338, 0.9806003614999965
85, -9.638059071308728, 4.415875437595821, -65.4307590756595, 8, 4.847340921892055, 5.788677054740247, 4.924581111429886, 3.995416696159069, 0.15299058530609058, -0.9879696385866517, 0.022580390578128284, 0.43588310047520723, 0.046956162691272174, -0.898777526146171, 0.8869046191828185, 0.14734691044019838, 0.43782312005638513
86, -73.23859413560685, -22.75423687069485, -9.360498683259975, 11, 4.57400646234282, 6.209263363151661, 4.614318424421172, 3.3399708768890415, -0.14589696664277066, 0.6852005280608555, 0.7135925388269996, -0.22516713231755048, -0.7253785018916837, 0.6504811999721954, 0.9633347484900193, -0.06577435167678253, 0.2601151610598085
87, -59.25212782294512, 6.642420706793538, -66.14882220214128, 11, 4.256814082140543, 6.129681581121125, 4.494394172086767, 2.79991581996428, 0.603942248670086, -0.7838138440085964, -0.14453241232259137, -0.7413271664521144, -0.4858215601565258, -0.4630458335490757, -0.2927247726985178, -0.3867987456385382, 0.8744706614981743
88, -52.703771757144075, 53.80796316289722, 42.98262959453228, 13, 7.0755503348984945, 9.617530760169522, 6.85231981721086, 5.375012344619852, -0.5489640357594173, -0.749338303809994, 0.370311482249598, 0.031421475457049444, 0.42422375747614904, 0.9050120963130379, -0.8352551576152256, 0.508454825954065, -0.20933827084693837
89, -34.737461972415716, 58.753602171287866, -49.00286560132491, 5, 2.446233469585868, 3.4310046656191644, 2.5565565905024252, 1.668848807372032, 0.47038323650361985, -0.6006290699664577, -0.6465170772126655, -0.4738961030806076, -0.7899541097075957, 0.38909508868796316, -0.7444206433874556, 0.12335811634143938, -0.6562169464676285
90, 57.58421210137433, 71.06092976462337, -32.244310135269544, 10, 4.901747498373687, 5.6811362364411435, 4.900174402557024, 4.230639951485804, 0.14005878880760628, -0.38124074842365846, 0.9138046987289544, -0.8978645481992197, -0.43795573670661175, -0.045100174864186104, 0.4174000344570617, -0.8141561671001084, -0.4036421023730107
91, -10.887002437147743, -47.92190554769873, -27.824500706798013, 8, 3.2623847923978357, 4.393789599556328, 3.5541676270076157, 2.2234552269290497, -0.6451219582172428, 0.5272155647431873, 0.5530473825256493, 0.4864170149661563, -0.274818850187948, 0.8293811470806339, -0.5892504956106218, -0.8040636466560943, 0.07915494645781691
92, -55.18753920684257, 61.45567648978965, 39.206440922943585, 15, 5.851648501090225, 9.05982916629552, 5.5155052801747555, 4.009861563862276, -0.6696363925916018, -0.02950070435247846, -0.7421029646616526, -0.0736724923711742, -0.9916439689626195, 0.10589902118472312, -0.7390260249711953, 0.1255864135277823, 0.6618674996949941
93, -58.01992759043598, 6.141458313478036, -6.915436848149767, 6, 3.6094226040458977, 5.826279029206215, 4.038127359039968, 1.9986737538561774, 0.7216491537182641, 0.2101941730944613, -0.6595763098647865, -0.5322276864299943, 0.7777305329172769, -0.334468097081895, -0.44266938987814464, -0.5924133926282756, -0.6731197393477387
94, 11.438456685494884, 33.295608472557724, -65.37220694801495, 5, 1.9865230998718464, 4.785559643946628, 1.8980789760681245, 0.8630458060405404, 0.42496908383962206, -0.6824482582447691, -0.5946979507272522, 0.3928482344371394, -0.45283548496825776, 0.8003813392709658, -0.8155191858442904, -0.5737633644388982, 0.07565751216912753
96, -1.5614331364642198, -53.164294226684355, 72.52057755683329, 5, 2.4030395977237218, 8.161477720783779, 3.2756413281778274, 0.5190600932492855, 0.8396946273169471, 0.5121192662353632, -0.18068422732935632, 0.45130006137750434, -0.8431218098998668, -0.2923591426171474, 0.3020615623605792, -0.16394959841892157, 0.9390843102312806
97, 45.298127079969454, -54.457773378249954, -46.996752682514895, 5, 2.630821920643214, 4.044132185582826, 2.8432865234640974, 1.5835376244511776, -0.8586086014043948, 0.4151591321410264, 0.3007227370756969, 0.11364919640562479, -0.41786970646755645, 0.9013704946208712, 0.49987511415427005, 0.8081013571431671, 0.3116040224910892
98, -20.057026322934234, -61.51129522000318, 66.65012111238563, 9, 4.535543060802556, 6.398125965093788, 4.002393771657646, 3.6434707169103824, -0.7777947913909451, 0.5336682913011135, 0.3320141824453679, 0.6020654786098945, 0.4809824732010769, 0.6373170482103974, -0.18042289752510532, -0.6955961582219417, 0.6954089176272624
99, -22.678862282778546, 9.851870007164703, -5.266710221468254, 7, 4.261538992401901, 6.111795623800109, 4.468816346055374, 2.8335969049474428, 0.21475607040611489, 0.7028937194359003, 0.6781004714651728, 0.8776699777260184, -0.4434747908476622, 0.18172924938224025, 0.4284568127852961, 0.5561209662116581, -0.7121476184876823
100, 37.58155771835646, -48.985375924280795, -1.065241620310508, 7, 4.329622802761429, 7.389172281434543, 4.446172863693414, 2.4704043905352675, -0.9167132937649063, -0.3361013810547806, -0.21603841947155097, -0.3808125224039941, 0.5713660159144001, 0.7269956661758122, 0.12090723640462658, -0.7487167271479744, 0.6517704370971587
101, 27.62750012115165, -33.4146618265101, -12.528131912059335, 7, 4.253011894458624, 5.64009018112498, 4.948806806198721, 2.7561525008736214, 0.11721387306739998, 0.8878804961988936, 0.44489227058934805, 0.9678706225345479, -0.2024796820026242, 0.14909204006486343, 0.22245755998645309, 0.4131225034365973, -0.88308687633729
102, -72.35025305927294, 55.11690592143202, 35.19627290188773, 5, 3.550967858436417, 6.200024937506168, 4.28087294637264, 1.6869975395282404, 0.10143607131176205, -0.056984381785147975, 0.9932086908950202, -0.04713612032602676, 0.9969616277903525, 0.06201369908512891, 0.9937247655148007, 0.05310643036558847, -0.09844184809510359
103, 54.986391732727526, -7.352454317892009, -20.471769676607906, 8, 4.327144028029717, 5.794477477613787, 4.070332993785759, 3.4352617444655222, -0.9846828907805963, 0.17271259145799941, -0.023873947219312384, -0.09524081715278054, -0.41812026844376515, 0.9033850938910738, 0.14604379943030416, 0.8918216199825919, 0.4281651629682016
104, 33.86288107715926, -9.336253722906488, 8.85421062600534, 7, 4.257495578668302, 6.083727998660321, 3.7014901505512454, 3.4270167738924155, -0.512239083061467, 0.8264151808274991, -0.2337714068961375, 0.7955407443562448, 0.5591316599315582, 0.23342388680529735, -0.3236140384060313, 0.06640584130957004, 0.9438560368967864
105, -17.42658070930256, -2.786645198247141, 51.47128136871272, 6, 3.114255585886501, 6.371203113289849, 3.4714267588420835, 1.3656307866054112, 0.2648835039886649, -0.6552814576845615, 0.707419918103444, 0.4618788314543973, 0.7302106811360782, 0.5034484146455375, -0.8464659912654536, 0.19338710497233627, 0.49608139781835325
106, -18.136370836178035, 69.50160085273237, 3.476560674279947, 17, 7.061639661805173, 8.999534515948445, 6.786271966811584, 5.765876700068602, -0.45140612253594703, 0.7334707350243374, -0.508186179859232, -0.18721217431883821, 0.47898918161465254, 0.8576251895105101, 0.8724586605243104, 0.4822759010763277, -0.07890399810619365
107, 6.946108882099506, 59.42256867309175, -38.373136105120174, 6, 3.0962453526775695, 5.635777833527169, 3.4638982098434346, 1.5205024256046284, 0.4357007876332723, -0.8177282946437747, 0.3761452642194639, -0.5689021789738603, 0.07365474439721874, 0.8191002926300137, -0.697506368726867, -0.5708725030746921, -0.43311597848462663
108, 12.364999980885132, 71.26560810410318, -71.76494205785137, 9, 6.031058615696431, 9.916881346800528, 5.8927348060517355, 3.7539513014473562, -0.9511164577313328, 0.29089107067547887, -0.1037297875919706, 0.12525901171335205, 0.6703621702632362, 0.731385493884421, 0.28229003492365096, 0.6826396895004255, -0.6740292208069073
110, -39.95925475589858, -12.777196291453947, -69.20590070621341, 7, 4.775585488889967, 9.166259352766668, 3.9639892509195236, 2.9974728793096914, 0.13245738397394174, 0.7470659625737831, 0.6514195951876847, 0.3920939861643854, -0.643095259236927, 0.657792363562175, 0.9103391386974988, 0.16828825006724651, -0.37810278687785387
111, 45.61806716814185, -45.2090309954292, -0.8865435032445372, 8, 3.5807766584715304, 4.440152532361396, 4.025896465199009, 2.5684505581702783, -0.8285458905414429, -0.41348935815890464, -0.3775423922637358, -0.13435398423425182, -0.5077611888987771, 0.8509568625779351, 0.5435629808837884, -0.7557811361349511, -0.36514950373140675
112, -36.11567564750288, 72.08997430445872, 37.58969920119524, 7, 5.0568651538516916, 6.995241748359174, 5.033659363051014, 3.6724641770173636, 0.6714783583118371, 0.08250425209596951, -0.73641690821499, 0.654968032997394, 0.3987480378754994, 0.6418854088090522, -0.3466030727941751, 0.9133416943710193, -0.21371303014348783
113, 15.704902036171905, 16.91105470897326, -4.873395513344879, 10, 4.406027622043968, 6.5904363703895035, 4.40319605518507, 2.947538265935369, -0.02170500261558071, 0.8768415364140103, 0.4802893012347614, 0.6308584747113716, -0.3606731450586521, 0.6869734109253007, 0.7755942739256773, 0.31790533567812046, -0.545334502668851
114, 32.21738113817929, -70.74274885395867, -48.50011405358077, 15, 5.461689581388375, 7.617141582217635, 5.281835453580444, 4.049525554063432, 0.5544781733151781, 0.023583256284472665, -0.8318640425815291, 0.37354277646543266, -0.9002948602247313, 0.22346131388548524, -0.7436529765068914, -0.4346412252374969, -0.5080032045730504
115, -30.293786051771782, 68.07409209826315, 45.27037712408771, 8, 4.793321535766153, 6.408804160412744, 4.501757359530372, 3.8172499964771167, -0.8308929565233166, 0.4165542586437318, 0.36891658190668636, 0.03625507721307631, -0.6210661801810462, 0.7829191332517033, 0.5552499114598902, 0.6638970925083909, 0.5009373078367085
116, -51.49732914359417, 27.118753094332707, -53.94596080816826, 13, 7.38581610564946, 10.438277305174566, 8.180040052111677, 4.71857878121548, 0.628912134269127, 0.7707825644789313, -0.1018025818156591, -0.48086383350078654, 0.4885200743588854, 0.7280921030881443, -0.6109333032336504, 0.4089527787455066, -0.6778776613492653
117, 59.90064637513728, 59.380752579670215, -35.53105576764685, 8, 3.6207073201784303, 6.343109231278608, 4.66664985514703, 1.6035143599043915, -0.8591924011827865, 0.029043392780848436, -0.5108276608461362, -0.34217804252751055, 0.7096537573729645, 0.6158780170281083, -0.38039795604313986, -0.7039517213433115, 0.5997911045155556
118, -0.3101345392441999, 3.8995954101046806, -14.22337746585165, 5, 2.811368715216817, 5.955705055316677, 3.051129898803224, 1.222811581678453, 0.7346228927481286, -0.29645364106939676, -0.610282265961472, 0.23961503398003162, -0.7281656900125223, 0.6421521341390494, -0.6347549455822459, -0.6179724642613813, -0.46389243631858884
119, -72.61693404689345, 2.290852436158957, -11.31190007265844, 6, 3.666016765845678, 4.746874810704613, 4.1734848348196865, 2.487005366609636, 0.26309471803818907, -0.964764029342424, -0.0033966199929141897, -0.004427259943737636, -0.0047279306744336174, 0.9999790228004427, 0.9647598502787086, 0.26307416132814776, 0.005515154729960852
120, 47.49946444304395, -37.065491527769424, 50.14649250020088, 8, 4.438604223308998, 9.069880997373074, 4.359418069297161, 2.2116131182338026, 0.649773616063082, -0.5868460668398876, -0.4831210424964541, -0.6333217858464611, -0.7694407570892053, 0.08285189739673902, 0.4203543308216962, -0.25213610444469153, 0.8716247021481779
121, -20.634094037343253, 45.11237983402681, -31.5631871306015, 13, 4.788743228676772, 7.016746242430967, 4.184295617302896, 3.740300733491106, -0.5867447088301345, 0.0965877879774515, 0.8039909488753362, 0.7327344826303009, -0.3593315791051773, 0.5779108877865904, -0.3447184715450343, -0.9281980475477226, -0.14006269990347456
122, -30.20915622142016, 59.33443885989213, 33.17989844220782, 7, 5.190878624052452, 7.236715035779453, 5.705662996323078, 3.3874666964966895, -0.510438351531937, -0.8571337987411038, 0.06909660151558474, 0.7184958049716466, -0.38096651218071903, 0.58191777325925, -0.4724579002657316, 0.3466787672363318, 0.8103069571612929
123, 7.129989671294173, -41.83088452568754, 37.93465700200304, 16, 6.228377430164742, 8.119030767255927, 7.753083529082216, 3.838363640451714, 0.13100614760175777, -0.9827863501153771, -0.13026273188230716, 0.17552019863747334, 0.15231247846612808, -0.9726220071403726, 0.975720271984142, 0.10455572165310696, 0.19245272642597155
125, 4.212149220729915, 29.41273506514173, 19.356267613350123, 5, 4.062961545863072, 6.756108353217239, 3.7026573704554795, 2.6811308125040516, -0.09759710060656582, 0.1571733975446822, -0.9827366529530956, 0.9891964463118251, -0.09321108908587035, -0.1131462923629517, 0.10938554089662982, 0.9831623548405864, 0.146378234266794
126, -45.030257263854224, -15.275814215785784, -39.53168678918009, 8, 4.053306910948032, 5.028924629379159, 4.821805319037879, 2.7462727595124616, -0.3335544482149616, -0.4386805244464164, -0.8344464198182108, 0.0011336723111753269, -0.8853235139358356, 0.464974182572963, 0.942730154849787, -0.1541482181010203, -0.2958009161466154
127, -56.86655364695622, -70.86742950784648, 33.538251483953005, 5, 2.4475124275813345, 4.4287830601375004, 2.4674530180557377, 1.34165674254701, 0.5498641179749841, -0.12216518844149479, -0.826271818771914, -0.7665104608353759, 0.31920333237659404, -0.5572889250914801, -0.33183002455102323, -0.9397791758347975, -0.081877563921601
128, 23.784459350912012, -74.06784777197701, 64.74777237658759, 5, 3.8985955224952904, 10.404648046602999, 5.544568441606847, 1.0271394178502171, -0.7147848198312345, 0.055965737574602534, 0.697101497313383, 0.694015490297528, -0.06605381811913759, 0.7169235610153748, -0.08616937139095267, -0.9962453158382301, -0.008373177680752287
