# Void_ID, X_c, Y_c, Z_c, N_particles, R=(abc)^(-1/3), a, b, c, vector_a, vector_b, vector_c 

0, -58.413836776982365, -55.22404423459602, 59.14021736848507, 378, 29.44319592624176, 41.9637331462538, 32.06008982062417, 18.97212578792652, -0.21719227659827478, 0.8822851440803359, 0.4176127865872876, 0.748702447934133, -0.12393346701152178, 0.6512181970829295, 0.6263163413511541, 0.4541072783931625, -0.633651655301917
1, -57.62542667043873, 57.46052653731989, 58.477430721565405, 373, 28.097492119289992, 36.32933651173306, 34.60746851687674, 17.64311948845909, -0.7741441077624741, -0.6099770485288396, -0.16920077034307038, 0.26732404856902475, -0.5573219185539214, 0.7860853211681553, 0.5737933020463982, -0.5633118846317918, -0.5945090135223096
3, 58.427271039881134, 59.712919897295116, -1.5614523610523376, 757, 47.897164343397634, 128.8679658131909, 35.18949370883091, 24.23100438778069, -0.004322756593455439, 0.03149136003246917, 0.9994946763333655, -0.8447125830297325, 0.5348272864142244, -0.020504286820923544, 0.5352027334073248, 0.8443743648110724, -0.024289219897439436
4, 59.3029161437678, -60.812138583233974, -55.720056237739605, 313, 30.06215347647124, 44.98185529353488, 32.51556015616499, 18.575121312432962, 0.3637393580758344, -0.22744631735587342, 0.9033060677908853, 0.7210157238401744, 0.6827228885191894, -0.1184305005783715, 0.5897711465999401, -0.6943757125744442, -0.41232555635677576
5, 57.51891783421454, -61.85817350625942, 57.141559372197655, 272, 23.89427357503006, 32.08776466737199, 26.306041039280004, 16.161681291398484, -0.5372513211518545, 0.21723083948029165, 0.814967349222823, 0.7042129054432539, 0.647298363407101, 0.291700210040479, -0.46416074987848593, 0.7306268480621115, -0.5007386615421919
6, -59.08780680607238, -59.782050396012195, -56.07212314943704, 365, 29.352591906360995, 43.42437317922254, 31.88603211175474, 18.264396738085225, -0.332142268927524, -0.23934637089771862, 0.9123567437848904, -0.7576571801834616, 0.6438349329926633, -0.10692135602758829, -0.5618159044634834, -0.7267667396052359, -0.3951872919204935
8, 11.919950797635343, 58.51556756760905, 49.148438428143095, 7, 3.668869297694074, 5.7898880738512215, 3.2397337114413802, 2.632796172622432, -0.3501947937827551, 0.3823427493537516, 0.8550892517299394, -0.20470134422428113, -0.9220696309650065, 0.32845845296601694, 0.9140355387402755, -0.06001347905821657, 0.4011700590162518
9, -70.07931946878168, 70.7258364764204, -12.173242445358033, 20, 7.53098257409508, 13.48108535183119, 5.7974904222059305, 5.464998284010307, -0.1808981598868642, -0.056754664472335854, 0.9818629047938306, -0.9753470740844479, -0.11794157400784137, -0.18651506693953535, -0.12638805649448195, 0.9913973437432572, 0.034020082221558695
10, 23.567620239356394, -68.58943903746817, 72.03917245622976, 8, 6.196843240551343, 9.402153235756705, 6.8156501905215805, 3.7134442894220343, -0.8939356515813931, 0.3973441839017825, 0.20735633665547024, 0.4156971047158442, 0.9080062658551513, 0.05215877968902924, 0.16755586519908708, -0.13282402149916556, 0.9768739997308631
11, 37.51667102175528, -20.230284495417475, 41.214570520781365, 7, 4.419086529403444, 5.92488174257631, 4.2355583182827825, 3.4388019488517862, -0.059472498688645056, 0.8031277158156463, 0.5928312525402751, 0.8969488099226166, -0.21765698338559533, 0.3848483726896667, 0.43811625657824116, 0.5546271807910473, -0.7074198442577389
12, 3.4712660525162935, -68.12868598840379, -15.425379253791526, 8, 4.11816541320267, 5.701413336372041, 4.537252807242131, 2.699826495939251, 0.6006137992691327, -0.7982818009492643, -0.044824439770033864, 0.09839847709035829, 0.01816401592239435, 0.9949813104937546, 0.7934612806141187, 0.6020101617072338, -0.08945927211549048
13, -56.141868585481795, 56.02546650672773, -61.14971923669926, 328, 29.031058830514716, 41.11968681508449, 33.85281207588739, 17.57697273105342, 0.7562140792370208, 0.6450590957123526, -0.10972251091943931, -0.4072789590226104, 0.5952782746384884, 0.6926526007176204, -0.512117287250844, 0.4791059786541869, -0.7128768093553404
14, -14.560317196007706, -8.118457361929986, -25.317162585638098, 9, 4.4996532731705985, 5.813149060827382, 4.187537204892457, 3.7425448353125135, 0.9250232120283024, 0.29812374160403904, -0.23548734976819985, 0.2356036325336099, -0.9364203143895315, -0.2600152363527545, 0.29803185324023773, -0.185038454086225, 0.9364495634915793
15, -42.312703541598495, 8.438451909611182, -6.486156261892528, 9, 5.128283430676865, 6.892308364999215, 5.3740036167383405, 3.641274379125755, 0.6865367287777894, -0.6076266144596935, 0.39932094540525087, -0.5380727773273241, -0.7939569656041165, -0.2830371407924471, -0.48902454574218585, 0.020548337376911835, 0.8720279579765166
17, -73.41465670456365, -46.04600565129804, 21.774483037327023, 5, 1.7023785024594127, 2.4680598608362128, 1.4768722896885322, 1.3535358039247782, -0.2504931406606248, 0.2517810432305984, -0.9348045211442273, 0.18224863866717012, 0.9605892060036672, 0.20988999741104292, 0.9508094552463916, -0.11779084675370813, -0.2865077594675306
18, 51.19382573813569, 1.8279314717138504, -24.308432938323257, 10, 4.125564818366615, 6.04400804048548, 3.9929448525006292, 2.9095906947255283, 0.36097286006770063, 0.527030274779639, 0.7693748655631026, 0.47046674913951925, -0.8152364077206605, 0.3377138396346908, 0.8052078192917878, 0.24005976129374837, -0.5422284377999295
19, -59.47902611063353, 31.833867898754004, 29.071523034278243, 8, 3.2129287971849343, 4.325942356788146, 2.987945322274329, 2.565960279413706, 0.8310712814055918, -0.5517767065564877, 0.06973515128357523, -0.4201626656172701, -0.5407370360836087, 0.7287432965241629, 0.36439519706529755, 0.6349377323086017, 0.6812269933337591
20, 64.84652594180032, -13.739972860799584, -71.12678040564587, 9, 4.200162313077553, 7.9590219732902945, 4.183627928824539, 2.2252840964092764, -0.853606695465915, 0.4849144439177013, -0.19029869031537464, 0.5035107572682344, 0.8617050578930753, -0.06277985757120565, -0.13353848423181253, 0.14940674443102542, 0.9797168458016796
21, -71.21086351079086, -69.74334854342871, 12.011368597640814, 15, 8.466929196999136, 12.2410604302707, 9.980060704175756, 4.968503034846901, -0.3837709174236506, 0.2249097990239919, -0.8956201567867915, -0.295996939179263, 0.8887481145580634, 0.3500180007742394, -0.8747032039133715, -0.3994275543480637, 0.2745030671799633
22, -5.387176392960193, -69.44870131962354, 69.7226033867135, 22, 7.529538988555055, 10.928884369960581, 7.201048661537293, 5.4241736244606145, 0.7019700943943975, -0.6957479360323117, 0.15222613469013427, 0.3338476080635058, 0.5102472001266911, 0.7925866320807766, -0.6291134724087513, -0.5055517819864253, 0.5904520594969189
23, -39.3902479635721, -12.854003385254593, -65.24416368961711, 9, 5.323047760761983, 5.878355744641334, 5.669237809686184, 4.525854091700234, 0.5885464448291523, -0.31267129602002436, 0.7455533132674846, -0.1797287432102628, 0.8485073023732704, 0.4977277736708039, 0.7882326186748586, 0.42693327167649303, -0.4431899371517598
24, 59.29650874623549, -71.21207087990136, -3.2965442735709707, 7, 5.361675309209885, 7.7750358489542855, 5.781719847032044, 3.428799476769721, -0.9067089613548106, -0.15227063131731894, 0.39330969252880804, -0.4172293633888494, 0.1875676765025454, -0.8892345163440136, -0.06163211601929455, 0.9703772573435866, 0.2336010717127023
25, 51.01002103339291, 45.18556948706442, 15.505871672204504, 6, 2.746540916521506, 5.575006667334972, 2.8379750392749266, 1.3094962448737468, -0.8491317793468734, -0.2042701391143797, -0.4870820583530095, -0.48350224578329914, -0.07058484072651568, 0.8724926123366998, 0.21260479680787664, -0.9763664734748959, 0.038829239607247795
27, -24.943753564502813, -54.29823944630233, -43.97962008099605, 9, 5.657920626038761, 7.232633893758223, 5.7620977779177895, 4.346037263574696, 0.6764659742745147, 0.11605924151487162, -0.7272716398346798, -0.6261375494916551, 0.6105407155499222, -0.484965775877406, -0.3877441872748277, -0.783434928449569, -0.48567906905671976
28, 57.740792884204325, 59.51104121435421, 21.730090971491006, 6, 2.429336628297574, 3.1325603251582836, 2.4206102908380895, 1.89077031995986, -0.9888916693411276, 0.03879643612569678, -0.14348554927818621, -0.05836130239234582, 0.7864654802303305, 0.6148707236396482, 0.13670122417442793, 0.6164145398593548, -0.7754649510836662
29, 42.230393642955434, -8.565549167720762, -51.011363593884255, 5, 4.145111781980798, 7.799752545910574, 3.9687391293731893, 2.3007814255860493, 0.10287034831589932, -0.8971114420393087, 0.42966120606766156, -0.874092138532132, -0.28768955039695737, -0.3914047214185344, -0.47474269324939367, 0.3352995424311659, 0.8137527831299645
30, 55.48041960302797, 73.11303714635193, 10.929766000473698, 9, 3.7153312884548826, 6.161193845730091, 3.6631000845681956, 2.272369634438059, -0.9050516980564984, -0.04808836154817897, 0.4225741749428856, 0.3660332492090915, -0.5940140634302962, 0.7163567218365884, -0.2165665817213831, -0.8030160657985849, -0.5552153760036534
31, 38.065464881709325, -48.01351857501876, -25.386930231591414, 10, 4.688957933566402, 6.640911555439315, 5.653005923058221, 2.746134933445646, -0.025539436243383548, -0.912992983144708, 0.40717508509840944, 0.9996705100808932, -0.022277451200220465, 0.012750938892041885, -0.002570694648715747, 0.4073665768034344, 0.9132611147051398
32, 30.323935249325054, 58.1444552408267, 67.96128020842116, 8, 5.178934131364193, 7.880137759055255, 4.865036405970984, 3.6232746709939945, 0.43696919567115977, -0.8140750357122916, -0.38254379914531494, -0.8094383148050807, -0.5413635537396503, 0.22745354956097685, 0.3922595270481132, -0.21025541351510788, 0.8955027216751391
35, -10.238304514095045, 15.637946071090559, -17.513699665288406, 8, 4.743852632930979, 5.766432943409109, 5.312565807536125, 3.484833226973209, -0.13098710082304213, -0.6449199760671047, 0.7529413017543792, -0.6921840265330707, -0.4842237856938576, -0.5351715601382179, 0.7097349172969013, -0.5912745130968476, -0.38297623598814384
36, -38.46571484798379, 38.584476524452434, -51.667586897857014, 7, 3.3508114757327405, 5.170904900483356, 3.540309087761238, 2.0551439735677226, -0.18257784346365719, -0.3638462906838459, -0.9133899538706163, 0.006618406152269285, -0.929439005511295, 0.3689164292006773, -0.9831691247065095, 0.06131078037165417, 0.17210305178600047
37, 55.74120099914419, 49.72274889595864, -17.759573895705064, 6, 4.476265017466365, 6.325436785518227, 4.421841915676584, 3.2066653654411246, -0.7220145223889036, 0.6056001146027785, -0.3345796327522413, 0.6812657900323709, 0.7066575209924258, -0.1910813213174136, -0.12071434376697877, 0.3659011467841295, 0.9227916330304294
38, -37.71266351849828, 64.06704496159962, 4.623737984328694, 6, 3.7588825750594337, 6.903511925122978, 3.6379674152378496, 2.114693314869395, -0.3136898423936167, 0.9365614697159313, 0.1563691025190165, 0.9493185245516289, 0.30590121881007426, 0.07224114667991728, -0.0198247754637028, -0.17110539960517246, 0.9850532576991805
39, -48.19470142125287, -36.63396243783478, 63.70095786994483, 8, 5.069405038975894, 6.705233328420619, 4.616805642955261, 4.208385246556843, -0.039008852413115636, 0.7819255256050615, 0.6221501280564523, -0.883693182779468, 0.26364139078424664, -0.38675518842601425, 0.46643827902789625, 0.5648767028941769, -0.6806979083153538
40, 7.6077924932725125, -42.91119590461353, 36.775402776779984, 20, 6.615304735410845, 9.404931212627984, 6.861706766842708, 4.486026000865326, 0.42517441121105537, 0.8334995023155206, -0.35285308513758507, 0.7664533930245768, -0.5389133861502282, -0.3494589511648093, 0.4814311128006219, 0.12186444053896199, 0.8679707032842068
41, -44.55138534703511, -16.491082012820815, 39.335325359273696, 10, 4.198969792383359, 6.407629552143363, 4.7575087822688795, 2.428573526783776, 0.7926696059172029, 0.34195565007227624, 0.5047189606491053, 0.4325751489526518, -0.8988464832115478, -0.070382811302361, 0.42959706279682325, 0.2741191948804013, -0.8604098038925772
42, -2.294233797067882, -53.38146269628949, -68.52613566777173, 8, 4.022301770632092, 6.1444740424665865, 4.097927917724394, 2.5844903900081366, -0.9224126375534272, 0.16760627210712864, 0.3479411784081914, -0.10256043622225115, -0.974879711580423, 0.19771419997251813, 0.3723389356535672, 0.1466890776411881, 0.9164311384371149
43, 19.25236443044093, -25.38943172720953, 71.92392557351816, 6, 3.1939454288445317, 4.663557938535234, 3.409052454779877, 2.049422096485927, -0.6420300227995787, -0.6092780166654036, 0.4653791446038861, -0.7303541691910073, 0.6706741396182173, -0.12953372530996496, 0.23319570615533694, 0.42305613913006374, 0.8755816728181774
44, 62.45907986586165, 68.83085512011425, -28.149862566673615, 7, 5.945343560927231, 8.045880862055748, 6.118365922319861, 4.268957422479323, 0.5765111605359892, 0.8013054197198369, 0.15982648749522985, 0.7008168892077589, -0.5854918600725292, 0.4074984289417194, -0.4201078070907606, 0.1229182904063744, 0.899110963288162
46, -50.9372994322112, 2.9004791103164473, -69.49812168356259, 9, 2.761459080776894, 5.119080839723438, 4.13353547857499, 0.99518123686581, -0.5729325770782179, -0.526330017435813, -0.6282714181534351, -0.8192166944103391, 0.39126857362818707, 0.4192766519738024, -0.025144974088452208, -0.7549076870962308, 0.6553488492712185
47, -2.9325726776158794, -69.05602275539387, -68.95842182105993, 30, 11.34691478084859, 14.098579426936219, 12.1571273955512, 8.523678422027743, -0.9981453579998482, 0.0278278488324238, -0.05414291396586146, 0.058526232030340374, 0.6833721790507917, -0.7277205130156105, -0.016748864668557996, 0.7295396327333644, 0.6837334274434607
48, 27.184877464284114, 11.839623601993198, -50.91302568869734, 18, 6.07045461000338, 7.13532447616143, 6.541250086892888, 4.792798466953103, -0.9845407429379648, -0.17410833095702938, -0.01912627999684526, 0.05119029609186611, -0.3904456533053978, 0.9192016891852126, 0.16750844480558957, -0.9040124340440672, -0.393322310595946
50, -0.40654243745006674, 4.618031981541634, -16.098126039941967, 7, 4.365736643503489, 7.2197243212846525, 5.376084327817401, 2.143808136753622, -0.5990040350953414, 0.5529398874977268, -0.5791818770934569, -0.17381194937035546, 0.6162739102334054, 0.7681118888688715, -0.7816543815495286, -0.5607708519347537, 0.27304299922318903
51, 33.371540877345176, -56.71729146419338, -72.60973795603834, 8, 4.128162721800738, 7.050214154206553, 4.328574057713102, 2.305277767351297, 0.49554339457397767, 0.6587038928183228, 0.5661677540094338, 0.6623398725780099, -0.7082552552669761, 0.2442956949683235, -0.5619098124142746, -0.25393636008397397, 0.7872570658557831
52, 8.85965417819195, -56.24801570581225, 56.908951024620464, 10, 3.896457430819906, 4.9596859810797795, 4.304991078767581, 2.7706608721325128, -0.13770554822549358, -0.03201792115315809, 0.9899555720904581, -0.9654387710034459, -0.21895340172645886, -0.14137675663194368, 0.22128072991399977, -0.9752098546453691, -0.0007602442276114023
53, -71.01010182174396, -19.035284010678332, -70.9331762002435, 8, 5.760827941644107, 10.161748027696875, 6.248297523759958, 3.011095918367289, 0.2540225943808553, 0.8937467424514351, -0.369715136154131, 0.7501207323585538, -0.42335500451709185, -0.5080250259939957, 0.6105664652025092, 0.14828115358258234, 0.7779596975822922
54, 30.435874468329494, 25.73207638722248, -72.70479330524397, 11, 5.912356139393768, 10.571935056618662, 5.6300392838242, 3.472288866718782, 0.9118394410776716, -0.4090657326564443, 0.03484336466826583, -0.3119578946569561, -0.7455429966598782, -0.5889379526678582, -0.26689156160575545, -0.5261471909054111, 0.8074267941095256
55, 20.858666233269677, -28.687182712685864, 36.04869295336112, 6, 3.1535674438700285, 6.501979904383036, 3.734330035987288, 1.2916595216865243, -0.7761404100700916, 0.448653211841698, 0.4430760198435011, 0.6299162609658401, 0.5199260383354398, 0.5769596336240783, -0.028488033049785918, -0.7269024763783267, 0.6861495622734234
57, 16.50822896269541, 12.996060976675253, -53.47023837963991, 6, 3.5024832099701224, 4.081418384036294, 3.7347953778094767, 2.818709097492137, 0.887868126023246, 0.4480880946709504, -0.10443778150711032, -0.3777656172819266, 0.8395367975515048, 0.3904754844501365, -0.2626467764728416, 0.3072377336381728, -0.9146702388496656
58, -30.582149918172984, -65.09993462725761, -43.95422578063498, 6, 2.8263633203628133, 3.930252628692895, 2.7439769689675932, 2.0935485475828055, -0.8466432036359859, 0.027674193156870187, -0.5314408948981164, -0.0831413056284367, 0.97950499283975, 0.18345978387755807, 0.5256261114474748, 0.19950966902663675, -0.8269903765640133
60, 55.355486518536644, -72.41759063307065, -17.516666270146867, 10, 5.672776430753121, 9.594627390238223, 5.788621260311196, 3.2868792906787165, -0.19064468546886562, -0.3006762236499809, 0.9344776147313877, -0.9659823583144747, -0.11198470218777828, -0.23310407525635543, -0.17473605045234183, 0.9471289431790696, 0.2690986392845858
61, 23.626594859607657, -73.18827188206042, -22.766892034321774, 5, 3.4037243532584123, 6.917597636292126, 5.107599745006116, 1.1160688624644708, -0.9074166745236679, -0.10834823290212608, -0.406024185515339, -0.4035420156480931, -0.044924697990472544, 0.9138575453084244, 0.1172553640695466, -0.9930973929768678, 0.002957644242737991
62, 36.867117402515895, -48.12978732462258, -71.6016094855215, 8, 4.788421146377833, 9.086936695825491, 5.893282760139226, 2.050228368768108, -0.5761793962557131, -0.7168001201764602, 0.3927020385042763, -0.8129740489977983, 0.552126770262882, -0.1850114191481271, 0.08420510071562139, 0.425856334077691, 0.9008639651686497
63, -68.20959669901701, -13.499437347977194, -9.82412077733684, 7, 3.795656591174505, 4.92437029958958, 4.427702119653834, 2.5080237262570884, -0.41170414860801524, 0.7048899820715276, -0.5776069660194124, 0.9098517607023865, 0.3538685398926954, -0.21667217177334805, -0.051666890420424924, 0.6147415470337217, 0.7870345372249367
64, 71.02942339486859, -62.374442400433985, 13.883008184306794, 11, 5.991766863931315, 7.285476912988484, 6.263099286607735, 4.714302409618659, -0.5467423303145886, -0.1177661534621828, -0.8289776579262526, -0.15179310212095462, -0.959713133302089, 0.23645201609625655, 0.8234267899398651, -0.25511141657363884, -0.506839705176223
65, 10.739295650656995, -71.6949069822038, -66.7460633207136, 8, 5.662041693245943, 8.566276296672411, 5.653456383703773, 3.7481163604980376, -0.8780066742633319, -0.1402796170554721, -0.4576307561646329, -0.46699888560466873, 0.4607111759854421, 0.7547564197581286, -0.10495866230588564, -0.8763942271380393, 0.4700179122608816
66, 5.550002100200095, -20.116580964564108, 39.507720470584935, 12, 5.800994158571848, 6.736263802219492, 5.815987725274883, 4.982699735030721, -0.7028662392008962, -0.4186683221529748, -0.5750616365375116, -0.6838697134500145, 0.17529820038831978, 0.7082321342373639, 0.19570708933858913, -0.8910596932676447, 0.40952577234697773
67, 69.09476595054657, -3.338801311553705, 45.62956358576905, 7, 4.812831161252794, 6.318888283585898, 5.171394410300473, 3.411564138331334, 0.9378775320569656, 0.29184635524348795, -0.18764711506929024, 0.23291639589303662, -0.12871983006989657, 0.9639404327399984, 0.25716859720217383, -0.9477641638497779, -0.1886992377705791
68, 1.361549894373263, -22.82294051822358, -0.6703334249724183, 7, 4.00818906384668, 6.805318395834003, 5.415464316581154, 1.7472717233854975, 0.582661907847283, -0.5113512582299962, 0.6316842501205521, 0.05578390263902489, 0.8005824643393593, 0.5966203767880194, 0.8107979140020799, 0.3123901542925419, -0.4949940748644953
69, 42.919747046148245, 39.27373049338562, 22.21061195065849, 6, 4.071412829676646, 6.503946276444229, 4.457829679966585, 2.3277428742518587, -0.3157469994607832, 0.9429986666369928, -0.10515392076554268, 0.9409138603377174, 0.29688194721063843, -0.1629178223669653, 0.12241298850974289, 0.15038159508820712, 0.9810200997445669
70, -17.521209620166623, 15.80757628196977, 39.36466520107416, 5, 2.3409464314024295, 5.5310462192376075, 3.421437735145894, 0.6778888624855576, 0.1183816656592026, -0.8206528792323649, -0.5590300824136233, 0.3909557525996986, 0.5560367925351477, -0.7334689392581176, 0.9127646907856131, -0.13172675185722532, 0.38666352569151025
71, -35.56877636818323, 44.45083521872484, 25.123853496476695, 8, 5.744604488555078, 7.259355677476678, 5.2120237419856, 5.010440842070788, 0.3565315317226384, -0.023275339527959547, 0.933993321955445, -0.6299638656409262, -0.7442401240833826, 0.2219282895240987, 0.6899498495356406, -0.6675064765784715, -0.2800076942720349
72, 68.74044589722331, -69.96920011074151, 16.364577380397876, 21, 7.355997153589035, 10.828377173344846, 7.847385152926132, 4.684209541445885, -0.4523510776821872, 0.27827877239106025, -0.8473130633693124, -0.8632989259263978, -0.3750588888760545, 0.3377066691218688, 0.22381569876595273, -0.8842464332478724, -0.4098960578906858
73, 38.67999448891712, -71.31021816193847, 54.41396464467711, 16, 6.986924035421709, 10.138365817695693, 7.780653389973091, 4.32388403521187, -0.8298206490773082, 0.1937770708083679, 0.5233050135378443, 0.5580109234137793, 0.2803547665481013, 0.7810409811428981, -0.0046367786033110455, -0.9401338477592901, 0.34077389656705803
74, 23.662821077080054, -72.24505561249755, -16.742832232823464, 6, 4.896371774807624, 8.194532920298741, 5.444823869604522, 2.6309652830099792, -0.834901797250495, -0.13789250444575368, -0.5328457996133321, -0.5432435662083646, 0.05085367628493427, 0.8380336099354998, 0.08846138548039847, -0.989140819512563, 0.11736704159560056
75, 5.461775804938402, -64.04093593085572, -22.770675175745527, 6, 4.289653883962532, 6.610373488517489, 5.3737268330789805, 2.2221080476749053, 0.3504655846525511, -0.3955152284749215, -0.8489650040010933, 0.05381064053469302, -0.8964557207243457, 0.43985401640298794, 0.9350284963247867, 0.199837045677283, 0.2928939504933208
76, -35.83545194005195, -19.571244109682407, 62.2374942768429, 5, 3.3930138722383125, 5.42155300942149, 3.8338440168186563, 1.879311442424376, 0.05787021660724797, 0.40788696787899803, 0.9111966085671673, 0.5182957257889944, -0.7923581981550831, 0.32177325315397104, 0.8532412195028382, 0.4536482197153506, -0.2572600126144805
77, 19.08420752917325, -51.630909150346035, 36.58561403392583, 6, 4.086904237455883, 5.578944674145412, 3.923422255340231, 3.118647426315954, -0.1376076264725916, -0.661529459941246, 0.7371858074911801, 0.6771426432064304, -0.6060065507565587, -0.41741334572764616, 0.722870653635897, 0.44174068645527975, 0.5313409301399897
79, -9.71775103665323, 44.29024859329449, -71.82741389281415, 7, 2.8040283917653364, 5.774101619176098, 4.49786036964543, 0.8489005756706061, 0.0761541617724275, 0.9348671514836419, 0.34673325874741284, -0.8835655543805004, -0.09787951171297252, 0.45796453170426754, 0.4620740792957535, -0.34123746902075613, 0.8185624808035672
80, 55.86078153569388, -38.77026708181455, -41.37690441942171, 8, 3.6513487569680256, 4.554482667311704, 4.10160074179528, 2.6059586033986273, -0.18726973348644946, -0.8066880007901914, 0.5605216465945257, -0.7256398056722847, -0.2710045824679125, -0.632458211034754, 0.6621003846425422, -0.5251770993317558, -0.5346139681991863
81, 44.34710916619215, -5.294798232980301, -25.851322648677183, 6, 3.1951274565439243, 7.132576867320077, 2.4543044590017358, 1.8633295209453087, -0.8923417496649605, -0.3390445844218123, 0.29795129061495546, -0.4512931242480914, 0.6587968416548419, -0.6019312564005977, -0.007792163452724083, 0.6715917593299124, 0.740880416119146
82, 17.596777859286142, -56.96088914941705, 20.708096094464796, 7, 3.2608153345056716, 4.507330165064518, 3.675063602831262, 2.0931212304772306, -0.12396980907150268, 0.020695982177543707, 0.9920701400407543, 0.7721736131965613, -0.6258969909458204, 0.10954847241260407, 0.623200928691335, 0.7796310877887533, 0.06161143912929586
83, -66.0052721487848, 36.40587370492833, 4.9713872590799895, 5, 2.160509281917663, 5.472116143386397, 2.7542980053441153, 0.6691171714250871, -0.27332603823220536, 0.647543274316295, 0.7113231225765254, 0.945964172382435, 0.0468090917437652, 0.320874887610325, -0.1744839860649172, -0.7605896507433265, 0.6253468811699971
84, 28.096787089954205, -43.71678689090473, -31.290080658739257, 9, 6.568650781986642, 8.313569499158575, 6.172287005024302, 5.52325223123516, 0.39913164710427174, 0.8597072185048812, -0.31874351245230287, 0.6957226473511202, -0.5103946150945295, -0.5054377655510675, 0.5972134679012028, 0.02002087243621028, 0.8018324254009137
86, 49.164886343127975, -65.4950950273394, -55.916158465621606, 13, 5.942061391055617, 7.7675339486341715, 5.936747000768044, 4.549667952549964, -0.9312662740369174, -0.3474192034718204, -0.10974071213730564, -0.3496352332039081, 0.7674727016489565, 0.5373461230213729, 0.10246136122385795, -0.538781541334387, 0.8361914375150564
87, 57.24099041371952, 20.90508425873568, -35.87406761486197, 5, 2.6078197050317145, 4.452420155495693, 2.1272711298968923, 1.8724649694558189, -0.8204173254990133, -0.4121172215978082, -0.3963266426617687, -0.011630870446919558, -0.6809908062520892, 0.7321995934530259, -0.5716468620343275, 0.6053188560276593, 0.5539033739414057
88, 28.537267101432466, 21.33070665028582, -19.606040072162124, 8, 5.46217599874062, 6.945963342630708, 5.480815491541337, 4.280745410453065, -0.2730196187779847, -0.12015394354857332, 0.9544754148808915, 0.12755998957683473, -0.9879301185630858, -0.08787792609686045, 0.9535138891602375, 0.0977604760915864, 0.28505114013605426
89, -8.050267857784519, -39.92479503259796, -70.5683055366848, 6, 2.638344308033481, 3.1006643117548487, 2.921190897091926, 2.027588053877931, -0.0074640266164329, -0.8865206931308667, 0.462628737712474, 0.19365064698603718, -0.45516504213687176, -0.8690939024860485, 0.9810421577223674, 0.08310141435201872, 0.17507266978068178
90, 56.88571251457567, 44.67140726699563, -9.01941891027337, 8, 3.247645361880357, 6.004550059796457, 2.722346316907907, 2.095472445787428, -0.015356798633140847, -0.497279808367532, 0.8674542990415643, -0.9998293176333882, 0.016549308480468997, -0.008213159536468603, 0.010271530387160856, 0.8674323677260197, 0.49744907587082393
91, 63.92838385492193, 6.079098332326106, 2.9443890599696716, 5, 3.1831986599872306, 7.843178159719871, 2.8191628211981308, 1.4587436897340529, 0.38760969052806105, 0.8404570853405237, -0.3786695333792417, 0.7899388019321161, -0.5145670291261654, -0.3334928211196237, 0.4751372612317342, 0.16986070833828476, 0.8633608299847885
92, -45.001745798845775, -69.26047243718226, 29.081582445530916, 6, 3.8006176908631, 6.285816915355352, 3.975587770480669, 2.196845340403345, 0.42365445962516285, 0.6268283612606924, 0.653913682651576, 0.7602698749365279, -0.6385191629141246, 0.11951148838267385, -0.4924496076795146, -0.44651929869903767, 0.7470702107470298
93, 46.986474016141166, -40.7523949042931, 48.665669345109414, 5, 4.7996407427930095, 8.397412873529271, 5.385214749343342, 2.4449932286011777, -0.040207254466562495, 0.9742432757418973, -0.22188604363492254, 0.9982294067422688, 0.029423682533922517, -0.051694278417646754, 0.043834098636099716, 0.22357165870888146, 0.9737013326574634
94, 32.63788203691855, -0.3055555505724722, 52.68142091524059, 7, 4.811626418775399, 6.536229714559671, 4.755522537680635, 3.583852696971495, 0.725433096228737, -0.4418979561967303, -0.5277054284400917, 0.3803513711506814, -0.3816224467379267, 0.8424352453509735, -0.5736546499068805, -0.8118438916780185, -0.10876505957937119
95, 70.95719106185797, -27.83994057720347, 66.91752132105445, 14, 8.154761179102971, 11.247787496461656, 8.717106734708324, 5.530880485080607, 0.0004688649596758876, 0.941994703552579, 0.33562741044875677, 0.32423442957595405, 0.31735255774651405, -0.8911562089607529, -0.9459766460347766, 0.1092397938968865, -0.3052783198757495
98, -23.157972746664182, 51.35747549539822, 52.12534515785402, 7, 4.826698348988504, 7.242300328740454, 4.743999222595936, 3.272874360494782, -0.8918287006676024, -0.3607766443542516, -0.27291350562773864, 0.07718588059547042, -0.7158028810956416, 0.694023468804824, -0.4457397317967492, 0.5978849791587554, 0.6662204163744133
99, -17.767954295077573, -11.175646954776987, 55.95966852392684, 8, 2.9335836836490228, 4.529930454244565, 2.951550384878256, 1.8882248483020272, 0.8134741996632368, 0.3444749073454631, -0.46861152855173255, 0.517279817719405, -0.7968367019445808, 0.31220643909801477, 0.26585958072342586, 0.49637516924541814, 0.8263960156572313
100, -14.09755162775221, 69.15742578262183, 71.05441419302217, 5, 5.025441197649077, 10.724344648100722, 7.165500630658151, 1.6516015664119024, 0.528486634440813, -0.7557324216087632, 0.3867433052384708, 0.5167710276166458, 0.6478139133450276, 0.5597185352412736, -0.673535138083722, -0.09594602965185946, 0.7329016149256228
102, -67.07445690270364, -71.16456269741953, -4.540509973941644, 10, 6.096260641607856, 9.02421151433991, 6.375095271073187, 3.9381715891591824, -0.9952127514757566, 0.09762629087119172, -0.004548255796162486, -0.0494341234109776, -0.4626996031806728, 0.8851357775274007, 0.08430804672533991, 0.8811232516210098, 0.4653106152992609
103, 38.238979141071376, 71.50605285743623, -2.085931467983934, 9, 5.331594411018231, 6.73939445825251, 5.9079316783960785, 3.80640479074593, 0.8323797303724757, -0.45781728676240013, 0.3123256576180688, -0.12613576813860938, 0.3922667148856003, 0.9111622206769452, 0.5396607753590467, 0.7978284003057133, -0.268767727237663
104, -4.413228293985662, 55.65473242332315, -17.472084214211232, 7, 4.063657162313937, 5.503742536918272, 3.9628362131869825, 3.076712739666266, 0.7726378220359928, 0.6084702493152736, -0.18109321262180494, 0.5747487099547698, -0.5492847873261608, 0.6065889405663296, -0.26961957711710277, 0.5727566482462364, 0.7741156925969992
105, 61.873848939539556, 14.120592870536472, 60.87328992032297, 13, 5.541753520000841, 9.119149693644895, 4.656336948615687, 4.008139909391457, -0.41840621350506113, -0.8651879883892842, 0.27638014626101653, -0.8558822988287274, 0.2737379314791686, -0.43878586511094364, -0.30397653042958983, 0.4201396072931116, 0.8550327358245289
106, -48.63722622888841, -43.782722973062604, 37.91894738407699, 5, 2.146631025047251, 3.903993114810517, 2.2305513612109094, 1.1359283398578115, -0.2970603972141179, -0.22165688257912997, -0.9287751863676658, -0.9439114483290579, 0.21503365892473797, 0.2505827273432467, -0.14417454047206416, -0.9511197358559758, 0.2731024532019584
107, -0.46178731345795093, 37.03570571106555, -50.37441213786546, 7, 4.959501259732381, 6.007934814284765, 4.928053370161178, 4.12015353681069, -0.24587255423843493, 0.306881563098759, -0.9194402608665396, -0.22479217484224637, 0.9046455704985177, 0.362056445747213, 0.9428760073318022, 0.29570271897206807, -0.15344294311099893
108, 7.464467053389394, -72.21435433657771, 72.12119516638049, 7, 4.389249261373362, 5.957049867757377, 4.7552080811393544, 2.985176215374674, -0.9651249314965489, 0.06155546763886377, 0.2544499774170609, 0.19997420877487063, 0.8006201556492721, 0.5648165031167199, -0.16895023654510338, 0.5960019217854057, -0.7850079788126084
109, 25.671587433565946, 20.06149020841094, 64.30124368211828, 7, 4.141979226734141, 5.424122499149231, 4.869827905992294, 2.6901757044868857, -0.12324806445340654, 0.7972567603683817, 0.5909243375047281, 0.38346845882498526, -0.5109507361682821, 0.7693382132037124, 0.9152933167541866, 0.32142029067251304, -0.24274913192247985
110, -42.69351100463891, 12.935398668748396, -0.2729887896956945, 9, 4.4999071209186425, 6.347135612812778, 4.418872538561737, 3.2487881893209827, -0.6396752483390665, -0.404087577079013, -0.6538568702038436, -0.7655099650076032, 0.41166946670759597, 0.49449241010832695, -0.06935466917527792, -0.8168485050675536, 0.5726678353395542
111, -59.182822482978, -53.28333453297132, -44.09556400676097, 6, 2.60092179754205, 3.7303667978055635, 2.981719292333129, 1.5818437786726338, -0.24406509082210984, 0.9602566873909927, -0.13542276678192885, -0.6636026272868972, -0.2672066904593902, -0.6987361001348558, -0.7071518822006502, -0.0806701859091517, 0.702444685797722
112, -26.12269730314922, -42.10379006024964, 47.687163597462636, 6, 3.436961452213212, 5.288087492018609, 4.316567814631666, 1.7786347931363828, -0.695604658940374, 0.27108068121754786, 0.6653190383049896, -0.6962317296887124, -0.4827647555417228, -0.5312245941044188, -0.17718785803522127, 0.8327385274366561, -0.5245483846963214
113, 55.29919817946185, -51.16467044254324, 45.056052797495504, 6, 4.862435593746645, 6.362517773035267, 4.59600136748828, 3.9314470226584963, 0.2309078563644465, -0.7754000784694841, 0.587738275237111, -0.5050800205633068, 0.4207715589619308, 0.753555218943188, -0.8316103262327531, -0.47085668040101486, -0.2944796288791309
115, -36.631771738176155, -71.1294322076247, -38.016106871960595, 6, 3.758829893497208, 6.343646119887188, 3.53655048393882, 2.3672231886541404, 0.23964979458536298, -0.9138732327944014, 0.3277250224458047, -0.7808895663278517, 0.019131359396731416, 0.6243760695990301, 0.5768704023916411, 0.40554864747591424, 0.7090492460858857
117, -31.236169331631526, -64.94680533106829, 10.130369082247798, 6, 4.190811901163202, 6.635309575973985, 4.421801260940944, 2.5086154717657148, -0.6908948597063809, -0.7140517964821286, -0.1131120010076081, 0.12291576227157619, -0.27019820949633366, 0.9549265118165757, -0.7124296514158415, 0.6458505705855033, 0.27444677490887387
118, 30.977708207307597, 64.85998596989879, -34.55609784839828, 6, 2.834934535044448, 4.246070623617272, 2.8360213265028014, 1.8920490797604792, -0.00066058717175573, -0.27454072956532044, 0.9615752448115176, 0.886892491131207, 0.4440634597074637, 0.1273944776186146, -0.4619754028080611, 0.8528980194386546, 0.2431947689362377
121, 30.730498728626483, 29.989058877971125, 55.1610504876049, 7, 4.7222610240596214, 8.05574684860152, 4.400782545491848, 2.9703952920842585, -0.23067509809589953, 0.3673583087244173, 0.9010199066222581, 0.0068826390255130035, -0.9253539905413077, 0.37904171468233117, 0.9730064893917675, 0.09363687948886762, 0.2109277279095745
122, -17.0145970535757, -40.71092801611638, -48.746596570559106, 8, 5.564063143288874, 7.659086479878536, 5.609706414798723, 4.009212202508144, 0.6944399162104729, 0.6472878548029128, 0.31427955039778627, 0.6045900393445767, -0.288063377910478, -0.7426239793005127, 0.390159053590859, -0.7057180197015293, 0.591386497622018
123, -3.972081567284643, -61.03002484602136, 69.370653685356, 11, 4.845535972874969, 6.738345970459408, 4.943250636141703, 3.4155412119913713, 0.5827483496998958, -0.04480347711549556, 0.8114166681553994, 0.7120104708409672, 0.5094440176357184, -0.4832265331167171, 0.39172113848357976, -0.8593366286465042, -0.3287782053780154
124, 5.528276800543485, 71.7789076953653, -60.58828060203149, 7, 5.801665401905645, 8.352437190559066, 5.180423843197645, 4.513147449446558, -0.9883304848714952, 0.1522256832976338, -0.0054949083926560775, -0.07107778438092337, -0.4289688353684942, 0.9005185655221644, 0.13472490950516236, 0.8904005164122306, 0.43478284134917167
125, 29.471146959704413, 68.27057150827241, -28.50073737991258, 5, 2.0351450342212303, 4.440791014939818, 1.9047728809519278, 0.9965120598048438, 0.5534052956279516, 0.45423370065761226, 0.6981506456043924, -0.43597775826559415, -0.5562286031564855, 0.7074836643543737, 0.7096942814118242, -0.69590335982626, -0.10978406402514558
126, 11.82148556448614, -19.577431656776522, 19.960174486087165, 15, 6.29694615652178, 9.106795046971765, 5.898005603326994, 4.648568081338602, -0.2216383895686805, 0.9368618628162848, 0.27049265104583275, 0.9318938408778693, 0.28518150714118484, -0.22415480659261972, 0.287141591559453, -0.20238912516507057, 0.9362629696894039
127, -14.458146393306578, 6.661099014819011, -27.235694219628904, 7, 4.452153502635834, 7.335966416477686, 5.0902754066292255, 2.3632614689712317, 0.37782355913530014, 0.9243741620790896, 0.0527424557914719, -0.5535758794728707, 0.17986967406459908, 0.8131424512456181, 0.7421611036885266, -0.33642132636394473, 0.5796702401705236
128, -63.37911504776734, -46.05737814755582, 48.546752013925676, 8, 5.034206414225913, 7.609737501148429, 4.717490191320574, 3.5539586798320784, 0.012353410369683772, -0.6631130771376668, 0.7484172901405025, 0.39373583008781365, -0.6847798692532205, -0.6132280381478024, 0.9191406254525466, 0.3022541605909788, 0.25263201113110023
129, 45.45589262183357, 4.086657449162983, 10.565381635499035, 7, 4.68963233737676, 5.87952032535366, 4.650055370725733, 3.7723881069415994, -0.8228755264396528, -0.4648486824839728, -0.326789795403068, -0.033620286582505626, -0.5342720298618929, 0.8446437559334484, -0.5672261844421271, 0.7060234418913921, 0.4240110319119749
130, -3.3669876467645126, -17.521583282683917, 55.923357016818876, 10, 6.141168275350591, 7.99497160314863, 6.750728083801874, 4.291266165924864, -0.7249036983128929, -0.1875770208049522, -0.6628193490222121, -0.6888471175884183, 0.19450495080463714, 0.6983247616278642, 0.0020680334665564262, -0.962799400383291, 0.2702092482857621
131, -70.27992536629523, -19.955401953526085, -47.25251286422521, 7, 5.486418432497763, 6.629596979933566, 5.889846839489385, 4.229369714628143, 0.5102169364032679, 0.6969181590262981, 0.5039680123050067, 0.7981092367587653, -0.16532200345596226, -0.5793878505575066, -0.3204689127007596, 0.6978350197523066, -0.6405669061071536
132, 34.900258504982745, 61.67136944165868, 39.364992097293346, 5, 2.8951636706739654, 5.304706132459796, 2.4604022446132774, 1.8593104784125618, 0.04437625931482655, 0.12098835569916144, 0.9916615175524541, -0.3618957819750532, -0.9232724006782852, 0.1288391133717578, 0.9311617424475125, -0.3645955182540913, 0.0028138001249023085
133, 36.675038827017055, -20.526471186884454, -29.96951048147952, 6, 2.8412942548197413, 6.461034837613595, 3.4859088897415287, 1.0184284546516695, 0.6715226730443722, 0.7227541685980473, -0.1633514963552109, 0.6594974345607415, -0.4824658174304146, 0.5764458940950161, -0.3378171597109029, 0.4948263804460579, 0.8006412553819042
135, 48.275012533875504, 64.0894187032183, -15.398853844636976, 6, 3.7424421653497735, 5.945031998807064, 3.6758898983752557, 2.3985490354457797, 0.6677462006047311, -0.6470884534229336, -0.36795590092382296, -0.659394899952847, -0.7435586006293624, 0.11099087055375052, 0.3454176855549264, -0.1685145123626446, 0.9231952565026849
136, -23.66616400122392, 58.886263117242414, -14.672063264093419, 6, 3.559330942909196, 5.1409505950351475, 3.8258388928864813, 2.292635444056008, 0.4880585767208819, -0.5887513590609789, -0.6443373828151191, -0.6780498768372882, -0.7206030622179281, 0.1448433334437016, 0.5495882005739623, -0.36620085189141066, 0.7508992914258739
137, 24.509722617959206, 62.862104209373065, 7.6385929466911175, 7, 3.642555960576543, 5.531749088018682, 3.9106674122353438, 2.234114063260129, -0.04500987159287227, 0.17579612240481787, 0.9833970890777658, 0.06918562801433462, 0.9825796811173186, -0.1724833879875115, 0.996587908985181, -0.06027349005009236, 0.056388350407918175
138, -29.33280726283535, 6.748304714586176, -69.17797731607855, 6, 4.407848849826557, 7.983025581016947, 4.288514483502326, 2.5015297883279595, -0.6116672823241858, -0.4076797461897591, 0.6779825663546213, -0.7794308611198527, 0.4572963753679381, -0.42821438300144793, 0.13546463917978677, 0.7903652634206533, 0.5974714067718149
139, 42.88702251609754, -66.69747374799712, -22.633698052152518, 10, 5.038559368643343, 6.432007650869236, 4.891385005070626, 4.065750651728835, -0.9947911698393431, -0.04296917753888912, 0.09243472394778263, -0.08692778842046602, 0.8312020579578452, -0.5491326783637717, 0.0532361532231435, 0.5543074856325464, 0.8306076831824554
140, 0.3373355957717154, 66.55029800768533, -48.01878574514939, 7, 4.264261739408944, 7.384043543585118, 3.9422417715599356, 2.6637536436550384, -0.0166549220358014, 0.6381328636738255, 0.7697461022125569, -0.7811660362315356, -0.48883729359068057, 0.38835257721978617, 0.6241011435739341, -0.5948315296740596, 0.5066292667181064
