# Void_ID, X_c, Y_c, Z_c, N_particles, R=(abc)^(-1/3), a, b, c, vector_a, vector_b, vector_c 

0, -23.71986961516759, -63.30041105322314, 7.9819940629118, 10, 4.99162860811151, 7.207627472641345, 5.562889909278187, 3.101944320633337, 0.5171908269397384, 0.8482732913004299, 0.11378080591965255, -0.39223901861816307, 0.11676217506499753, 0.9124226798735063, 0.7606984953336308, -0.5165259119738593, 0.39311420917682816
1, 67.2559889727565, 66.08905910679835, -9.55724509055035, 51, 11.3223693052882, 15.351943461501907, 12.296478244526803, 7.688964235843392, -0.29155169597185265, 0.41431493955668847, 0.8621721054615917, -0.5706432249570381, 0.6480448336977676, -0.5043849753197094, -0.7677004092655983, -0.6390469657057848, 0.04748744292612745
2, -37.95285305110339, 5.975710153065966, -17.34215062524121, 5, 3.6886114544383863, 5.313081448511939, 3.9066717713609895, 2.417883288721486, -0.23407778554459113, -0.9187022671923044, -0.31810962665449166, 0.5607385442819421, -0.39486934870476886, 0.7277708996724449, -0.7942165166194345, -0.00802132839319122, 0.6075819146581802
3, -70.90574685212827, 69.92034171073631, 0.5301325169657481, 23, 8.30958824557528, 14.282068315023082, 7.224474821142517, 5.560849289238478, 0.001795762309745674, 0.17087275980133348, 0.9852914671281807, 0.20775473325531377, -0.9638585762750086, 0.16677714397100943, 0.9781793015841933, 0.20439947382268162, -0.03723048553632511
4, 35.72652598644046, -56.17727266324772, -0.6465587693898314, 5, 1.6153758845090425, 6.1101882184881955, 2.056550978322798, 0.3354491668358809, 0.27404398496408183, 0.8015417661165247, 0.5314420866621389, -0.6257404572030707, -0.2710210429888693, 0.7314345319141814, 0.7303073151244606, -0.5329900481510209, 0.42728542456731955
5, 28.350743221728287, 28.78003845646827, 9.046959188759791, 7, 5.028349558372141, 7.367408884090979, 4.813593866442965, 3.5850248045023263, 0.24501967956619353, 0.9184684927961541, 0.3104528697983659, 0.3825490919648478, -0.3858208606789538, 0.8395227547254581, 0.8908543926266237, -0.08693613291211366, -0.4458929915710011
6, -52.27179108879034, 0.6744656142492514, -1.7670580251839798, 12, 5.0720992111890215, 6.823188832832545, 5.973003770765444, 3.201717722607878, -0.9108959763861224, -0.4101908041535924, 0.044855594872901916, -0.23162774360044375, 0.5982521317707191, 0.7671003684175606, 0.34149247224227375, -0.6883588388476019, 0.6399570301061168
7, -55.452348173821875, 30.133417141679104, -14.087433436672532, 7, 4.32800139277481, 6.683531067975488, 4.124628700203407, 2.9408396491007314, -0.5153029095699369, 0.37889900802779275, -0.7686991954622511, 0.002108532727576902, 0.8975145397718938, 0.4409798237876451, 0.857005522431737, 0.225617358848118, -0.4632907746846522
9, 11.833330449568939, 69.52109233213152, -8.861059895307475, 8, 5.963519654615957, 6.81193201395703, 5.802315837190557, 5.3658224097842995, -0.9882075495781133, 0.07574925502021093, -0.13307099353617138, 0.10288915286394189, 0.9721204273542617, -0.21070286410845915, 0.11340044611799839, -0.22190972282541382, -0.9684505220896868
10, -71.9553687054343, -2.869845493494692, -16.053426272378367, 9, 5.8786294053996775, 10.823244379803741, 5.609098202545379, 3.34639913990535, 0.14698301766647376, -0.9752640077644938, -0.1650942387752956, -0.532631325946365, -0.21867941681463932, 0.8176082089131851, -0.833486570460661, -0.032240158509949574, -0.5515983221883286
12, 67.74318611132273, -69.77631379484014, -9.311036476516303, 27, 10.349916276520364, 13.389127150236524, 9.777902049708482, 8.468618360238848, -0.409806166983066, -0.33878241551071175, -0.8469270219112004, -0.9120552601257449, 0.13728920398073058, 0.3864024805139029, 0.014632429039871319, -0.9307943647288938, 0.36525024655614985
13, -20.951461827682817, -41.99165677653252, -13.716035223900448, 5, 2.3596069351063513, 4.2048757284774085, 1.9890519736927934, 1.57079566963307, -0.6506670262268381, 0.702811178389278, -0.287556722251798, 0.00690104757287211, 0.38413862968501683, 0.9232496351074905, 0.7593318092398869, 0.5987436519202456, -0.25479647321281296
14, -72.88491867392692, -3.82072865308483, 9.235537020283424, 6, 3.649844207989233, 5.289919795584362, 3.6109347773943576, 2.545389510618444, 0.5706917680067274, 0.4662822975408711, 0.6759376634937293, -0.403924627091519, -0.5572755410307887, 0.7254576948367278, 0.7149516078437285, -0.6870406031442751, -0.12968966062419318
15, -71.85084769510273, 55.256072702374674, 12.605952750019194, 7, 3.8093370444526107, 5.67771205966314, 4.062475187937896, 2.396536870183815, 0.548646340271943, 0.6660399155461293, 0.5053494080391387, 0.4136520329795669, -0.7415300076516367, 0.5282284007548581, 0.7265529498378455, -0.08077176890144352, -0.6823464900110918
16, -4.931039543998187, 55.373405346528486, -19.093186884686443, 10, 4.046158539154698, 7.48677520633739, 5.4836372339638, 1.6134859078397776, -0.9983061495839317, -0.0331386403622171, 0.04781905705728962, -0.04268001266574232, 0.9757142717840147, -0.21484896172856366, -0.03953793395913299, -0.21652595768621724, -0.9754759153491744
17, -29.00637916289246, 38.95836676651396, 9.80609328689373, 5, 3.6619656641249114, 5.232500400770283, 3.9274185451115695, 2.389606257608571, 0.3346462512607503, -0.30714760802280155, -0.8908828393245648, 0.8502038976584261, 0.5061287408526215, 0.14486901010692507, -0.4064052397835767, 0.8059119335068888, -0.4305121792791017
19, 42.89826032573918, -71.52080377873554, -17.702193793410036, 5, 1.2417701862963102, 2.441972340359001, 1.4999690335537381, 0.5227579571999543, 0.5350203854807406, 0.8420201886976857, -0.06895787805286402, 0.4672403697175769, -0.22690354572553176, 0.8545181202545465, 0.7038747218264211, -0.48940451853522504, -0.5148238467777912
20, 72.6441758906519, -62.25467383049461, -15.125019443267817, 5, 3.238472902589218, 6.055742112181703, 2.8160407924470223, 1.9916567329191137, 0.027291652077074725, 0.944471681462793, 0.3274574913507834, -0.9027883701404876, -0.11736771103394958, 0.4137607752623889, -0.42921827135617824, 0.30691703002846826, -0.8494548912170194
22, -27.66455116147041, 8.273397222194884, -13.126856832303087, 5, 2.4334499966983745, 3.915460142265375, 2.694261299622216, 1.3659813177055238, 0.8417241107310951, -0.5395847141671783, -0.018677731421980842, -0.46076673388098316, -0.6998804335622268, -0.5457667960451613, -0.28141524188039047, -0.46799114837128475, 0.8377289219571732
23, -69.44152850220007, 9.062889502435342, 3.92756528671608, 10, 4.98794164833711, 7.9727204131083536, 4.399663013589018, 3.5378396470381297, -0.14334736954667582, 0.9530337727510783, 0.2667923530386415, -0.2728441630441748, -0.2971858887135152, 0.9150063443726945, 0.95131887100844, 0.0583710163129314, 0.3026305174925733
24, -71.86287953203832, 17.208778167984033, 7.8438770906103805, 6, 3.8647135370949974, 5.5767615140823485, 4.210887440434624, 2.458081169826385, -0.6722436795478575, 0.34729840527775574, -0.6538136225251697, -0.06851149114013079, 0.8501645941896023, 0.5220405524173237, 0.7371530444146003, 0.39573220803714776, -0.5477238434031606
25, -9.676520824340633, -45.89287879573618, -4.246827726151413, 8, 4.8931611449225105, 7.715450730297417, 5.91002012021956, 2.5693205693335184, -0.6553910049310636, 0.6334959805276159, -0.4112729912245698, 0.5662318556473606, 0.7724691817735526, 0.28752886613389755, -0.499844091998292, 0.04443203647654428, 0.8649749579201412
26, -36.18450229403864, -70.50189871308858, 17.555525738896385, 5, 2.388215464154137, 5.096791510224381, 2.711554628128175, 0.98561043179991, -0.9163679571391421, -0.232520699832803, 0.3258893850340921, -0.3601366879522905, 0.8343220584386142, -0.41738264074288983, 0.17484659882133755, 0.49984080160788974, 0.848285235005651
27, 55.23910491942518, 73.08057423600067, 16.86632405220658, 6, 3.659562306128354, 6.084376222022054, 3.9209861981663225, 2.054357694286452, -0.8961134083453374, 0.37773924192874014, 0.2330103527545577, 0.441188875864775, 0.7010136823486078, 0.5602965223640259, -0.04830253820327605, -0.604890801936305, 0.7948421117026796
28, -19.12808673693481, -48.3410498338824, -15.654716036839904, 5, 3.0904313234298497, 4.303295636248996, 2.8818422577477305, 2.380049023222812, 0.9993507785525754, 0.019894270831285865, 0.030037300052647428, -0.0001199724172714797, -0.8318773123632062, 0.554959568601162, 0.03602786439660863, -0.5546028805942667, -0.8313348530066337
29, -46.75052818183395, -8.804205525913192, 18.152023641267785, 6, 2.9880088049340423, 3.8793486982751246, 3.2199336227253283, 2.135698199048495, 0.797313990905003, 0.5097805991101055, 0.32313176983713443, 0.32184395521247344, -0.8120018933613732, 0.4868977240352808, -0.5105946223770174, 0.28421236065394323, 0.8114902745265551
30, 72.41923775824726, -63.83893106991224, 16.35277224764147, 9, 4.601366236220767, 8.617706233696063, 4.273809361830787, 2.645169903519325, 0.2294689298229941, -0.7834059936971842, 0.5775976621188985, 0.39627263282056685, 0.6172185290498249, 0.6797126509599676, -0.8889949441494851, 0.07291321167592583, 0.4520748310177814
31, -57.00553255788518, 4.497999212217981, 18.0194947259713, 6, 5.4631362001916175, 11.627587354595622, 4.323027305139492, 3.2437583584774954, -0.9925053122271819, 0.04081865761127114, -0.11518264796243405, -0.07765335388661579, 0.5171220433548467, 0.8523818093475882, 0.09435656750319088, 0.8549377927471222, -0.5100766694347962
32, 46.51193014866533, 53.17258937470458, -13.446219821137976, 8, 3.8993148858576663, 5.0659094062889825, 3.6788897527895186, 3.181198219652817, 0.24011056564838176, -0.911073740187513, 0.3350993228950938, -0.7691851011627646, 0.03202662775022653, 0.6382229824004898, 0.5922003009229544, 0.4109974878946157, 0.693094415307956
33, 62.50342652261234, -73.13931121400658, 13.089061824339108, 5, 4.710423679194804, 9.343598296419769, 4.094851408199878, 2.731666072974886, 0.9306372625678166, 0.3448232943547057, -0.12252012565553677, 0.21370531512750887, -0.2403285681350267, 0.9468749746531587, 0.29705946173541203, -0.907380336467865, -0.2973492915494023
34, -74.10951279192628, -21.103431286315367, -4.619999957615965, 5, 3.051549190167243, 6.323438127002625, 3.850072902969688, 1.1671828524923036, -0.12863161783538707, 0.5959347520159322, 0.792663660219617, 0.07755471652199071, -0.7908108688676241, 0.6071271988850666, 0.988655234567766, 0.13957055929006867, 0.055505730706052116
35, -56.76313758021732, -8.645550771072747, -18.209905319365866, 6, 3.3700498640467327, 5.876564769545514, 3.4611332677283944, 1.8817725611961227, -0.5504831709853255, 0.7615878291264225, 0.34198283142351465, 0.8300877874944825, 0.4556414425837108, 0.3214733905827195, -0.08900867100713121, -0.46084146333282333, 0.8830077022080874
37, 46.98620149492526, -1.5172721643405538, 1.283707220753999, 6, 3.5033413451521307, 4.340378505342158, 3.505152874467078, 2.8262644467410913, 0.14831249439797206, 0.08100687508342674, 0.9856172128137117, -0.340019965884736, -0.9317020573781822, 0.12774074947723355, 0.9286494639018504, -0.3540750802675625, -0.11063910126318416
38, -14.7132128723997, 7.838840646160018, -2.061941516475939, 7, 4.575375218673132, 5.442293984759251, 4.537733048886708, 3.878459008003704, 0.1243764643157911, 0.8699754666687196, 0.4771511107802708, 0.8624482479907903, -0.3325679870799312, 0.3815515083277997, 0.49062563596077985, 0.36406211195913474, -0.7916724474010287
40, -57.80629552456545, -60.325847179581146, -10.82108993682118, 10, 4.698968552770769, 6.2833633067165895, 4.530592180664402, 3.644688975174474, -0.49054499171439975, -0.8708594907027986, -0.03113452355154411, -0.11580067406015467, 0.029734113725417937, 0.9928273195113931, -0.863687336361448, 0.4906318680373569, -0.11543203660613718
41, 69.51136386251913, 67.12185709768183, 12.589301159192166, 11, 9.109124569294774, 12.903299490250182, 9.132790523725983, 6.413951174314798, 0.16908826076662412, -0.24201001030821645, 0.9554267711245772, -0.6681239635689956, -0.7408059397423244, -0.06940409892324081, 0.7245823137337634, -0.6266081028466746, -0.2869542752271128
42, -37.20073681241807, 73.47777538472619, 13.411571541109208, 5, 2.39515876326838, 5.869606168412646, 3.3794833784097538, 0.6926975324904291, -0.9300400690969194, -0.047500486644859896, -0.3643750453073026, 0.3137735204793113, -0.6187257109747423, -0.7202254316704034, 0.19123715047086665, 0.7841697509769808, -0.5903440979060286
43, -41.409274443766336, -43.93910507354277, 9.022715189621906, 5, 1.3540494689138964, 6.023437583450227, 2.6322316166439808, 0.15657956342382606, -0.05437024815462766, 0.6843728388047464, 0.7271022580228566, 0.21761297967966767, -0.702554972548671, 0.6775404796925957, 0.974519608417676, 0.1950649329158605, -0.11073032446439521
44, -53.95671777745656, -18.76458402950888, -5.042398028361426, 6, 2.252189868574645, 3.697627466102186, 2.5855844672978314, 1.194904281368559, 0.5796390218150074, -0.7394621974519977, -0.3423656859686788, -0.7239104641998926, -0.6601805126185901, 0.2002881189200982, 0.3741286466060006, -0.1317472933236872, 0.9179708091713181
46, -6.269467667060027, -18.760707051993275, 16.452200379934318, 11, 5.127466208375775, 7.900929372438605, 4.644743722452872, 3.6734022249621576, 0.5065028255064955, -0.7246831632996876, -0.4672142983512971, -0.3734605863975574, -0.672780321804064, 0.6386656629260825, -0.7771628388964107, -0.14899983699044086, -0.6114057330572666
49, -67.90845210981578, -69.92660797662526, -14.06731291338992, 16, 7.055551254027564, 9.670983746614935, 7.209816953730541, 5.037301678401213, 0.3677309475964473, -0.7477558486019343, 0.5528427815043079, 0.5922426872777568, 0.6466584520256331, 0.4807093152725805, -0.7169536592736242, 0.15064540253659628, 0.6806492585383068
50, -15.264059122283822, 64.3736521458941, -3.3870569654883513, 7, 5.109658690603457, 6.760211250218454, 5.624122909022517, 3.508816076271034, -0.8789389237058726, -0.061730993267569124, 0.4729224596749045, 0.46410527681429464, -0.33914457810101417, 0.8182831094296227, -0.1098756589417739, -0.938706684547886, -0.3267370501752542
51, -68.07440717498619, -40.21458373435764, -13.30091132445397, 6, 2.549033721212491, 6.151302682595624, 1.9950099927669387, 1.3496295219009822, -0.9634868745574354, -0.0916242585972717, 0.2515910129397416, 0.01470782660982423, 0.9201004089806369, 0.3914063326392151, -0.2673513089400541, 0.3808152211114529, -0.8851570736190697
52, -71.39692395738122, 50.10312972332698, 2.0702192823583, 9, 4.501698844742992, 6.669701783788759, 5.131241449887353, 2.6656335600753818, 0.1290791585194917, -0.8881525364947324, 0.44104834514356017, 0.8092746879844577, -0.16268678730838174, -0.5644532652247979, 0.5730733375612224, 0.4297884144009124, 0.6977598932463737
53, 72.45022013604508, 13.9346196077068, 18.9646895723567, 6, 2.6199516165551184, 7.0427512035954996, 4.505414114054258, 0.5667646459570695, 0.045157984062019096, 0.9829925600384986, 0.17800669477413825, -0.9922372861261685, 0.02346754417379707, 0.12212470016924157, -0.11587029169045368, 0.18213978499880135, -0.9764216170405894
54, -33.40178313318136, 42.714113290160945, -4.061479392139058, 5, 3.2367683443346515, 5.355216389974505, 2.781261918394169, 2.276753120687116, 0.8753932009332787, 0.4075480686779236, 0.2599832984571945, 0.2376163293065331, -0.8311179248474515, 0.502773781182109, 0.42098126301140504, -0.37834847259393156, -0.8243950566804493
55, -69.00242709987718, -69.88128929540952, 14.817612848333537, 11, 5.656440188418562, 6.930150579593198, 6.102922943568981, 4.279066541406391, 0.0013608140588997162, 0.43968324198885533, 0.8981518774123153, 0.8083353469673938, -0.5292452710005242, 0.25786316132143533, 0.5887207445200137, 0.725657005642302, -0.356131710374194
57, 28.654878518034405, 62.12307112593869, -16.086017270032656, 6, 4.070214644806945, 5.218996127184907, 4.028997704259736, 3.2067709684743395, 0.5179014530369603, 0.6442314032122763, -0.5628001279827026, 0.7909710802860325, -0.11007211345885248, 0.601871148992746, -0.325795695326613, 0.7568685678199637, 0.5665749164521898
59, -1.9126994750268285, 14.392303280792284, -15.847372233523565, 8, 5.381917730894622, 6.60155297143039, 6.288548572624356, 3.755040557443323, -0.9859495596343565, -0.0846937404222405, -0.1439806799195951, -0.07993183792180773, -0.5176473742323626, 0.8518521569126782, 0.14667776635625693, -0.8513918993528361, -0.5036044743378573
60, -37.46364074531575, 15.352869134408326, 3.322176809803145, 10, 4.895773203876589, 6.74736988449822, 4.612653872066135, 3.7703223937198707, 0.7549865137699107, -0.2545814630563959, 0.6043042633422516, -0.5861423747685575, 0.15116908640656165, 0.795980542359976, 0.29399401443946516, 0.9551629107032318, 0.03509036179205644
61, -61.65468853710913, -5.3786584975414256, 17.7860271667469, 6, 3.3165188586524486, 7.752739516323316, 4.532422760522131, 1.0381540661642512, -0.7622646019050818, -0.5632695132374484, 0.31887322267593293, -0.6290728802766691, 0.7606807369222777, -0.16010036781905335, 0.15238106175933558, 0.32263333977230046, 0.9341775741712433
62, -39.02402465889939, -59.49119452669311, 1.5209529880827497, 5, 3.2384762054195733, 5.042426881627648, 3.4591921825999674, 1.9471877608603683, -0.11030964244313837, -0.7289841743438185, 0.6755840853219739, 0.19105158025878735, 0.6515034775445867, 0.7341951460122373, 0.9753620232840148, -0.2100602111385479, -0.06740646283362964
63, -18.505927919029844, 35.823528625327334, -17.861052008479017, 6, 3.695100408684814, 6.220891569608291, 3.8823859738725033, 2.0889468567901006, -0.9990003203088175, -0.022741553721033977, -0.03848612421683592, 0.02822929150627112, -0.9884852290929476, -0.1486608857975658, -0.03466218579279689, -0.14959870854862345, 0.988139038433686
64, 7.879059331507061, 57.442060077425744, -15.149244165292519, 14, 6.2002840816644795, 7.824349583303057, 5.9067916652562085, 5.157448088525557, 0.27031171925449526, -0.9344717785476083, 0.23171980824208474, 0.5487040040170594, 0.3472940579563971, 0.7604674570840132, -0.7911102896621468, -0.0784176791689774, 0.6066260604230794
66, -41.777398023197904, -15.709757681883184, -0.9640360000964098, 5, 3.145532880505387, 5.340513324381947, 4.2267485110421745, 1.3787746073534222, -0.377722753185043, -0.6944647218389796, 0.61240858244102, 0.41745098176640366, 0.4626438813863362, 0.782109529949643, -0.8264745607389117, 0.5510711289270142, 0.11515385931235317
67, 9.055182953293926, 0.7817648977384876, 4.969038289675871, 7, 5.20031114572456, 6.566065805306481, 5.07822730601246, 4.21765080683771, -0.8991661500599747, 0.38325521236153554, -0.21122423342040433, 0.09759030583767916, 0.6461406876690353, 0.7569533300971035, 0.4265868807087615, 0.6600133740586622, -0.6183898279167188
68, 4.366442267431313, -9.892077499254507, 4.703111708061447, 12, 6.083444750085838, 7.661788054177977, 5.830878858089904, 5.039466374213115, -0.4652252740248681, -0.24408822089717078, -0.850873894785673, -0.8473019356141634, 0.40101411443626467, 0.3482342744868612, -0.25621255689949524, -0.882954483788465, 0.3933783233032399
69, 56.083261530801074, -57.64867964751971, -1.1691971205660503, 6, 2.955505069641918, 5.238835908099279, 3.0754693544833027, 1.6023187932616845, 0.5049566169081049, 0.026369671797253972, 0.8627418243310259, -0.5648170613683074, 0.7659153384518861, 0.30717321092732436, -0.6526871396220333, -0.6424004473328437, 0.40164805867646225
70, -25.680826429482618, -34.71488290474078, -17.517466742243254, 7, 4.466873776160207, 6.768742012069923, 3.8433522682661394, 3.4260436173242304, -0.9964672400570462, -0.07540644951645102, -0.03697170356388614, -0.037416819065115514, 0.00449821953561598, 0.9992896215172345, -0.07518657555801672, 0.9971427347137081, -0.007303797883725738
71, -57.92993004698442, 17.154625900988798, -14.9435306006041, 5, 3.8732715181480244, 5.855331226169248, 4.247399700330326, 2.33646471862152, 0.20267979426699545, -0.6130999408478439, 0.7635635949469164, 0.674818640130009, -0.4775934646614851, -0.5626049106128778, 0.7096060202175386, 0.6292955943314785, 0.3169327231858796
72, -63.51280029141608, -52.92479409180939, -18.275205951189974, 6, 4.866577448736113, 7.310299248912526, 5.253431490561778, 3.0011844640412746, -0.8405868212695967, 0.5407293675339648, -0.032024162661859173, 0.5270781132444171, 0.802868426369396, -0.27855152571442715, 0.12490980124305887, 0.25102597679413197, 0.9598872332352231
73, 26.9889874897631, -20.079827677201205, -14.609505445307297, 6, 2.937186384271775, 5.364742514849643, 2.530160459203115, 1.866799053626822, 0.486955611198674, -0.7956278865808415, 0.3603477470680639, -0.6832045576511633, -0.0899391784777758, 0.724667148820354, 0.5441560117528838, 0.5990719575056458, 0.5873729859327453
74, -0.4517833664129662, 0.49007540047322046, 4.523021785690189, 7, 3.699380118354037, 4.601762578342636, 3.391793416251551, 3.243644677195742, 0.10420397474357818, 0.8855678709796309, 0.45267104782197365, 0.500168328484368, -0.44006591896782965, 0.7457704942836991, 0.8596354895121506, 0.14869947159153868, -0.488789619692974
76, -62.682384525784705, -30.989168474556223, 3.0424280458234345, 11, 6.15735758916877, 8.407833343641736, 5.925311717552905, 4.685844050915468, -0.7114842152559993, 0.36587286207888947, -0.5999393804675244, 0.6530186860171227, 0.028930693319563352, -0.7567890133296862, 0.2595319000701571, 0.9302150631860633, 0.25950554727736047
77, -21.88437944068711, 66.19126043034824, 2.347415126850119, 6, 3.501788685092756, 5.272785776956818, 3.5865892645249584, 2.2706386916567145, -0.7442898857450717, 0.2703088767902964, 0.6107091591796838, 0.6240493390296927, 0.6072140133518991, 0.4917860962305494, 0.23789701224309523, -0.7471440644999118, 0.6206293245153346
78, 1.6290302193964379, 7.660338674961503, -8.719079155347268, 5, 3.8669463621885445, 6.625851219747752, 4.100328176078236, 2.1283553866908713, -0.5256437232402503, -0.708772898612136, 0.47046748496689733, -0.22547647663791975, 0.6493295993645357, 0.726313589210639, -0.8202798514538053, 0.27570282838963195, -0.5011276441355839
80, -71.19184030702391, 65.07889608942752, 15.498021374726285, 8, 5.051388892740617, 8.002872501759164, 4.414598624064687, 3.648339903669354, 0.7292828437858357, 0.03057286675367229, 0.6835289559178209, -0.4664188788291401, -0.7086988807468634, 0.5293385739769123, 0.5005996037068065, -0.7048483498218646, -0.5025821729050709
82, 32.17756953578023, 59.79409098272397, 15.160028791352676, 5, 2.804983453637102, 4.406587557558123, 3.3284943769736954, 1.5046679822700593, -0.9000658710988512, -0.20697201170790414, -0.3834631847422245, 0.20691901418206707, -0.97746053785669, 0.04189771476860937, -0.3834917851179971, -0.04163512102171583, 0.9226053150966121
83, -29.67323124502346, 43.62626609803796, 8.36842412550197, 5, 4.738857733338401, 6.541755589023247, 5.650881925351807, 2.8787931820529176, -0.5329745903565167, 0.12689720570426513, 0.8365615250648053, -0.7168239582427883, 0.4575830696912829, -0.5260999403355257, -0.44955700297453316, -0.8800652438974922, -0.1529171918399087
84, -70.14443228667702, -21.305110371191553, 8.19101198976956, 7, 4.348063294820652, 6.831417752919688, 4.30638593464128, 2.7942404811582366, 0.007025435093382454, 0.8796033239137252, 0.47565600576643097, -0.9017689896575249, -0.19999738974464804, 0.38316280271886255, 0.4321612344412614, -0.4316237211452285, 0.7917939320245837
85, 6.315083891197335, 35.02486680782458, -6.580650179485344, 5, 1.7728849700894629, 3.6785104336555383, 1.3728166978743193, 1.103461358718139, -0.20384520287128077, 0.7150427315708684, -0.6687009984245855, 0.8995560043364904, 0.40633713859263415, 0.16027827320793897, -0.3863238645599529, 0.5688620411207101, 0.7260508589922904
86, 62.82424063284836, -6.325698658658583, -4.09101044572181, 8, 4.692543542037738, 5.664740119664311, 5.003210975851569, 3.6458275813692644, -0.9346294675204077, -0.08105909163128762, 0.3462617248649205, -0.35524999408919167, 0.2573990180556712, -0.8986340674621708, 0.01628496675308082, 0.962899355679443, 0.2693689490085388
88, 31.994624734704672, 57.08394951351388, 11.203773147525649, 8, 4.597184260117882, 6.2354001739446865, 5.4053694162443024, 2.882610886543938, -0.31263778556955935, -0.7348393147369681, 0.6018876943010758, 0.42550361110731827, 0.4581740327823286, 0.7803994058292266, -0.8492374767806671, 0.500087729504415, 0.16943426698966524
91, -69.40289961096006, 5.5006882627605815, 8.096273261312882, 5, 2.767008343122821, 4.264810011813284, 2.507755906468488, 1.9808265794010922, 0.4296361928886723, 0.1694985572032059, 0.8869515098730928, -0.5976489240925316, -0.6829399306776546, 0.4200104934606276, 0.676925775318953, -0.710537324981618, -0.19211508144026843
93, -57.138236045890295, 57.051992414154064, 1.0191693184422579, 6, 4.741444817993517, 7.118054095027926, 5.681825067590949, 2.635620997495251, -0.43407800618470793, -0.6880367376263047, 0.5815339476103355, -0.05818680702060576, 0.665586001930799, 0.7440494402407147, 0.8989942046728974, -0.2891378939370037, 0.3289509055379215
94, -18.514061817326446, 62.21457942407211, 8.990509933578805, 7, 5.312147173138327, 8.527354470500232, 6.057417899662764, 2.9020737375449586, -0.8898967919690628, 0.22378663664139453, -0.39749621495544185, 0.14136785189996653, 0.9637878063914994, 0.22611544551456572, 0.43370362010520436, 0.14502622353144937, -0.889307913152608
95, 0.05485559368526895, -29.85993435910848, 18.226773344427652, 7, 3.628782091153778, 5.875841434950388, 3.90767464861139, 2.081106011941505, -0.8882335051506328, -0.40696600093342516, 0.21311948388656543, -0.45936088123515373, 0.7813923827044894, -0.4223902520682313, -0.0053685304025949425, 0.47307992806253796, 0.8810031558091381
96, 25.603599967806588, 73.26273419651136, 15.313776828230734, 6, 4.103522349927296, 7.073598896654738, 4.43946265753478, 2.200389543073772, -0.49894263830636654, -0.003016068689747947, -0.8666297635146978, -0.8535608644309937, -0.17133386540315415, 0.49201479375911933, 0.1499669776707443, -0.9852084093711707, -0.0829113726374738
97, -58.68317239276851, -39.54907482483, -16.494159266742308, 6, 3.776787966196925, 6.335900592640719, 4.485469074761588, 1.8956213413441498, -0.14903136153556718, 0.9285711338726857, -0.3399195531552277, 0.982364553029908, 0.09978024484519084, -0.15812586027902867, 0.11291385313239509, 0.3574906321528278, 0.9270657526269468
98, 26.850637493766875, -67.28332949406771, -17.47382346318582, 7, 5.387143971140247, 9.59042437135746, 6.183253281824663, 2.6364581688153894, 0.3176776263615651, -0.9475468099348894, 0.035156346390037556, -0.8682286241343149, -0.2757818522970471, 0.4124602116294909, 0.38112987542715243, 0.16155312725485696, 0.9102969873239497
99, 62.17948358899457, -62.32507779342237, -16.535193521607223, 7, 4.526219111471757, 6.86680334654521, 3.9079836475445267, 3.4554083169995695, -0.6726908375360271, -0.4588163698405908, 0.580495112693794, -0.03646106357684224, 0.804135338250481, 0.5933270165934045, -0.7390247816805089, 0.37796017851499336, -0.5576634070108873
100, 40.392479853008595, 69.17223507037663, 6.175670721143362, 5, 2.184289494099853, 3.8120714752981426, 1.9566685277302192, 1.3971797939368864, 0.04103391878890396, 0.9133837699465958, 0.4050263032285309, -0.8381352902446543, -0.18920610839717125, 0.5115958207332297, 0.5439167700626032, -0.360459619573874, 0.7577753030426125
102, -9.788997199085978, 72.52776720293083, -13.593578651543577, 7, 4.0878693284383845, 7.957612559164922, 3.9083633647664837, 2.19640938314437, -0.993722186657382, 0.11169837771322215, 0.006299854054305915, -0.009194840292120851, -0.13766289419471966, 0.9904364605939827, 0.11149740201849366, 0.9841607592147574, 0.1378257209847229
103, 34.06940757238337, 31.767155169137688, 10.527062964804173, 5, 2.6364259430703227, 4.006479019837582, 3.039017124040817, 1.505049242734036, -0.6357785256612764, -0.006716734280340438, 0.7718423101829681, 0.05094234576322878, 0.9974168096436092, 0.05064173425647977, 0.7701886416431455, -0.0715163849825447, 0.6337940225048789
104, 22.242102689944335, 46.99459584477003, 13.358743835250564, 6, 2.5550804306786645, 7.115514537883645, 4.272457496456361, 0.5486933111086658, 0.535286516272144, 0.7937794655157805, 0.2887602909381997, 0.5509709456740047, -0.5872458950706522, 0.592936148118633, 0.6402338342514591, -0.15829219452692597, -0.751694232139322
105, 63.255979330868676, 45.8411172039386, -16.311524694231576, 7, 3.8792532459147884, 6.505680963936365, 3.8396336931373596, 2.337016834219058, 0.29965212481534914, -0.7702387309985284, -0.5629750450627655, -0.7573043333037216, 0.16686489537808163, -0.6313843943667498, -0.5802574866841875, -0.6155391165151395, 0.5333037082064134
106, -71.38797013755548, 47.24171272764952, 17.59997858969413, 8, 3.416484509465364, 5.834189092562125, 3.5218777028646104, 1.940812567863923, 0.43767085093459146, -0.897198185533953, 0.058988491392584635, -0.8151849222000818, -0.4236321159701828, -0.3949802184113431, -0.37936495470699094, -0.12478479952785902, 0.9167938617524414
107, 34.11157712485906, -6.931785079985552, -10.678570090898786, 6, 3.2182059111099606, 5.229677712529868, 3.5709123245707954, 1.7847910184338767, 0.034068925635699854, 0.9335753669168724, 0.35675810094804644, 0.8916711068979379, -0.18962110340324492, 0.4110553177706646, 0.4513999838606939, 0.3041066777138637, -0.8389023680622205
108, -64.51268285849247, -5.064539353291329, 14.360077121255411, 7, 3.7368867161924855, 5.6587109312394155, 5.1823165324503355, 1.7794605006960207, -0.20729750269923372, -0.5881285242429071, 0.7817496941774404, -0.4391983167123723, -0.65809793239177, -0.6115651641310973, 0.8741467748448651, -0.4701190810353678, -0.1218829999416735
109, 38.72601364665157, -70.8483232893844, -0.36637937874654164, 7, 3.41725882783285, 5.881009154158154, 3.0431484741103105, 2.229762590850718, 0.5202200033902913, 0.692538647637635, -0.49976131262918, 0.39211409085884286, 0.32616914691860965, 0.8601512816640625, 0.7586947263705928, -0.6434313554114547, -0.10187444748723623
110, 22.83756459029964, -58.17744067534492, -13.839428120031114, 6, 3.748841554971305, 5.048699060807775, 3.75069566579739, 2.782274305402436, -0.21359989511331237, -0.9384437808140144, -0.27147440958418145, 0.21458766534922044, -0.3161716735731847, 0.9241144987012716, -0.9530620224767918, 0.13913570024055544, 0.2689126962994074
111, 66.74181078944602, 59.93193980882088, 0.4098032749407938, 6, 4.442834757064762, 6.9598643615352955, 3.9099698880482214, 3.222599190526172, 0.2697331024559509, -0.9386241500786965, 0.21500874012126187, 0.6497036599642771, 0.34219970219186985, 0.6788111063092727, -0.7107244245616657, -0.04340586030526424, 0.7021301329687033
112, 17.28896474890353, -60.82113015499015, -8.2975933166954, 7, 4.907623257733363, 8.762243383321247, 4.202812945421715, 3.2096544166514414, 0.10494452158139708, 0.7649516973949521, -0.6354805646458697, -0.6357984974690487, 0.5429641850634709, 0.5485892492151676, 0.7646874642663827, 0.3464661518690437, 0.5433362564774289
113, -33.91373121456402, -22.407624521171137, 7.23736321805284, 8, 6.062859147998185, 8.199968058539788, 5.592590554950268, 4.859675279784595, -0.45967580418560117, 0.7953426748867863, 0.395130591767143, 0.8879482283777613, 0.4194663107135015, 0.18866891078606254, 0.015687535406042116, -0.4375820422278964, 0.8990416328249474
114, 50.20131730202969, 24.987376342415562, -2.2980235187180043, 5, 2.1324996771604483, 3.9037006485253904, 2.152251467455923, 1.1542434077842199, -0.9976870232501579, -0.04214679664822436, -0.05333152135962661, 0.015563574991180591, -0.9053683018576744, 0.4243418587941155, -0.0661693189607765, 0.42253033680866564, 0.903930160855706
