# Void_ID, X_c, Y_c, Z_c, N_particles, R=(abc)^(-1/3), a, b, c, vector_a, vector_b, vector_c 

0, -34.619979778777335, -43.94451108819042, -37.98360814449166, 7, 10.045280839356476, 14.208553291573402, 10.410455950592574, 6.852777601096402, 0.3223255323437059, 0.40359321793216524, -0.856281942842722, 0.8171494009160135, 0.3380199320547554, 0.4669147482317288, -0.47788398987824116, 0.8502088213920496, 0.2208435017047024
1, 43.687887422536676, -29.53863005155868, 15.944328885669819, 6, 7.634748133131809, 9.8226480552975, 8.532571170225012, 5.309769155433351, -0.2693982732551395, 0.04077155530736769, 0.9621653967197986, -0.4669301930625084, 0.8682798996727604, -0.16752973058794562, -0.8422593218087633, -0.49439629458773204, -0.21487563548285954
2, 32.33826351860147, -27.15427662380269, 31.740427081746308, 7, 8.938187490423276, 14.14216610502337, 7.399173334859786, 6.82416070656768, -0.8968225519407762, -0.03992521262013145, -0.4405851651243733, 0.021521725557218038, -0.998677520997806, 0.04669073122918946, -0.44186663786653324, 0.032391147724562336, 0.8964957824159641
3, -32.14288158429465, -5.301425544435766, 40.63089487818941, 19, 19.99571756539145, 34.90218375147947, 20.090195227311856, 11.401821135229847, 0.7985533676596748, -0.5987186952450511, 0.06203582000309075, -0.5416986269314908, -0.7597629284163877, -0.35961491930215106, -0.262440691547498, -0.25356698635315167, 0.9310363402423406
4, -44.7591495514324, -9.50357551876094, -1.5377948794495648, 13, 15.908709749432143, 24.153727269502358, 17.626622439403793, 9.45696136281633, -0.15619212291444998, -0.9593216073301369, -0.23517243556377906, 0.23456679007127523, -0.2673092697498955, 0.9346251522944565, 0.9594698753661502, -0.09081744334267347, -0.26677659239439366
6, 25.54686895145071, -3.3804073462627864, -42.300392769957206, 9, 10.144662029501264, 15.55426080179309, 11.339867894677855, 5.919095912834889, 0.37486091261369686, 0.9070079044137281, -0.19187484860044488, 0.827910677231964, -0.42064819097882133, -0.3709703626323213, 0.41718485916885534, 0.019792947159588334, 0.9086060931575355
7, 36.545317182388274, -18.939194754482227, -22.446033040779373, 26, 17.38375167371413, 21.291098929177085, 18.508286105379973, 13.331107981799443, 0.9730018289314291, -0.08678855651170167, 0.2138578671798376, 0.03046943489737898, 0.9667975333222956, 0.2537206004623181, 0.22877730314244082, 0.24035447992608788, -0.9433401664014585
9, -39.21316230998645, 42.82772580639838, 36.11199308154042, 11, 11.246299411768616, 17.906243330471852, 12.4843708348708, 6.362939332955347, -0.9740347904725428, -0.2082969937147225, 0.0887050695198324, 0.09465871396626813, -0.01877038426117838, 0.9953328089362572, -0.20565980360625066, 0.9778854918057107, 0.03800013284900151
10, -15.021175642491672, 43.86215764983843, 11.042707676051789, 17, 16.12133878721339, 24.379168688238348, 21.126101414644413, 8.135140565414604, -0.6645474850971496, 0.06231883582670728, 0.7446428692683881, 0.7422884709825686, -0.05954462414793612, 0.6674295944752836, -0.08593291509901779, -0.9962784753452646, 0.006688323130654845
11, 44.1702017644774, 18.99592532457521, 38.85054431656503, 7, 11.133462933332058, 16.825999230784966, 11.233287778714743, 7.301348076421615, 0.23726818032589755, 0.9633467492808447, -0.1251672930715797, -0.2819491513223992, 0.19159039660181962, 0.9401052047502642, 0.9296281442993303, -0.18776623919114704, 0.3170731031585566
12, -36.045398439544186, 14.80755863368733, -28.573826762427917, 20, 13.72820378276016, 16.604637165833445, 14.322216341109366, 10.879314513620805, 0.0780489872854735, 0.7466467841415867, 0.6606261691113507, 0.7219159698571916, -0.4993349023471664, 0.47906365731820677, 0.6875650427769456, 0.43952614828810066, -0.5779888207588131
13, 0.7337031906230062, 16.481918569765963, -10.166613248065032, 12, 13.160575219928772, 16.846623304860266, 12.605747325628258, 10.733544286353343, 0.6670245478685747, -0.6224502235672787, 0.4094312783871896, 0.3663254873333692, 0.7525342182936793, 0.5472640017643134, -0.6487556472746063, -0.2150534107568771, 0.7299781782020204
14, -45.225653793177294, 36.82222054056946, 2.41765115057827, 5, 6.970905267019507, 18.768286164027042, 6.957993951599457, 2.593933744634461, 0.13171277861939854, -0.9184430619306069, -0.3729800074265224, -0.5666677902467788, -0.3784797048342681, 0.7318748038601944, -0.813350698927093, 0.11495849259666104, -0.570302713946473
15, -3.241809342375961, 26.730119804597482, 17.55937817954648, 12, 16.058497324155876, 17.659157645001834, 16.474019148982293, 14.234596502292126, -0.46936084124100086, -0.4335292267383999, 0.769254710920346, -0.8520612182526228, -0.00624526700942179, -0.5234048881982641, -0.2317155175196465, 0.9011178647677485, 0.3664621573055203
16, 43.19689529622605, -4.570146859575556, -31.723019550883528, 7, 8.41796930572985, 14.26824950731494, 9.48567093795089, 4.407408081550057, 0.4457312293116247, 0.7050712073008383, 0.5515417154229463, -0.528943194029896, -0.28962051353495744, 0.7977086282780195, 0.7221791804710237, -0.6472978841113926, 0.24384970887642016
17, -42.21571582505205, -35.359133063692255, 9.387048712721246, 8, 11.558738653397405, 14.569272333313005, 11.049380870782596, 9.593023926881793, 0.3243868789183182, -0.9035530434491534, 0.27993758314918105, -0.8845768306760605, -0.1849194648321727, 0.4281689177851178, 0.33510742071271543, 0.38651867897936704, 0.8592475355701151
18, 23.526391830374738, 9.363528143694744, -33.361550446665575, 9, 11.869491969477547, 14.119357384333647, 13.631961126040645, 8.688066227933836, 0.5438908210868577, -0.07922212840729373, 0.835408061433502, -0.09426310390209694, 0.9834649642040216, 0.15463224575076404, 0.8338448548622254, 0.16285121600344366, -0.5274298431696808
19, -44.21865676405088, 12.168217583806314, 5.058001044779074, 5, 6.215440784941363, 11.915893030744066, 6.153511245441319, 3.274659927074809, 0.1951451813121111, 0.47394785920186167, -0.8586569658301477, 0.41702132603553405, 0.7523093649506, 0.5100233651894683, 0.8877001587485657, -0.4576068685734477, -0.05083681728997821
20, -5.7407719402562565, 35.345998545635574, 38.140654315886586, 14, 16.33364188737407, 22.425487153770657, 15.529062634203916, 12.513014874857488, 0.3001585530204706, -0.8637300194460112, -0.404815138744156, -0.738083195864493, -0.4791365873533712, 0.4750382370313171, 0.6042665297955158, -0.15620046148189853, 0.7813215578759665
21, -3.5857873832051097, 10.758380145369992, -45.312728113906054, 6, 8.800142885642277, 14.22294707180346, 10.049942400871952, 4.767777772539085, -0.9588632791781808, -0.23965070815613523, 0.15214713248671083, -0.2816798526872976, 0.7368371235727438, -0.6145954066824023, -0.0351805689795965, 0.6321697488849877, 0.7740308366990062
22, -2.43850916945606, 30.393985069914606, -34.97991045416694, 5, 5.495493303800251, 10.152395734124182, 5.118924702459934, 3.1935430122532673, 0.49189870397808405, 0.45889622730334767, 0.7398985860179998, -0.35293953105540354, -0.6717651101801232, 0.651279758754315, 0.7959078793698887, -0.5815031292361554, -0.16847776780776044
23, -39.868811106000635, -35.17715147599233, -31.400819031896862, 7, 13.01723566733594, 16.40011968851942, 13.733791493387812, 9.793069469662663, -0.3837393239961141, 0.9233149463699298, -0.015285320699905815, -0.7340382824148574, -0.31503361502804317, -0.601615842005352, -0.5602962887334253, -0.2196436459637676, 0.7986393038282634
24, -46.39464993837795, -26.64155807324609, 13.646758266765952, 5, 6.567756774316575, 12.157532176851223, 7.688160299043736, 3.0309817794435423, 0.1496360402317969, 0.07062026913057315, 0.986215916040536, -0.8016222419356597, -0.5752319357629903, 0.1628189218500406, 0.5788012065448682, -0.8149361923894949, -0.029464650615895566
25, -21.94909605044175, 31.41863483487354, 36.611646935251564, 6, 11.269558636230048, 16.723378445076396, 13.726711174277174, 6.234910290728523, -0.19469253736302214, -0.5222638100280906, 0.8302622047462419, 0.7586142792682339, -0.6167474540842152, -0.21006416441405976, 0.6217710118568465, 0.5889508388784086, 0.5162729105801813
26, 26.131912295525623, 18.213583448777882, -17.718307206952762, 8, 9.75490216820691, 11.305621495229419, 9.896258743773418, 8.296659591133551, 0.6663312911009638, -0.7189652443810596, 0.19771592720821962, 0.005752308450690298, 0.2701055643527507, 0.9628135307800624, 0.7456336375507817, 0.6404154600552409, -0.18411549927972884
27, -18.33732933931371, 7.431970061127618, 36.70243203268069, 6, 7.2493502116037405, 13.822961234691252, 9.655450117197411, 2.854457805638476, 0.8058027129466976, -0.0991356270147829, -0.5838271278932898, 0.4922323230019105, 0.6602336681447021, 0.567273164921746, -0.3292253453181954, 0.74448883867025, -0.5808158409474878
28, 25.51539496056833, 4.257269423308146, 26.64783972764269, 6, 7.293169450248168, 9.952093915850739, 7.446322602937165, 5.234709663358634, 0.3368843271801219, -0.17689422470335905, 0.924779640437112, 0.8325565549771841, 0.5146746244403011, -0.20484045919143598, 0.43972551991545844, -0.8389388918293348, -0.32066026088564115
29, -11.80724794519229, 17.48910823027623, -24.027440220926074, 7, 7.902346836501353, 15.292561411780447, 7.741227407657907, 4.168484610636791, 0.28883042641888745, -0.8042703882852082, 0.5193516412819392, -0.8000204351282736, 0.09521401811847215, 0.5923694743408907, 0.5258747837193297, 0.5865862539143714, 0.615932040542504
30, -20.87243900647941, -28.417554790820045, -47.494941517894326, 6, 7.930657328102013, 15.511201192135252, 8.785858688472752, 3.660141794648532, -0.3912501566457008, 0.9201344714992211, 0.016609313157495087, 0.909643575496094, 0.38939993728726, -0.1446245290376429, 0.13954168009378895, 0.041475814633670484, 0.9893471970532266
31, -4.661759180791024, -16.597663171751318, -41.96038825566521, 6, 6.840262749888085, 12.581613348490094, 9.133084730497817, 2.7852522357146245, -0.38250733409189497, 0.584480922668433, 0.715590798153923, 0.8945216915239335, 0.04034317790463146, 0.4452003721805676, -0.2313419174275876, -0.8104038987031174, 0.5382624250379315
32, 11.012371665409612, -23.282819684353743, 29.304585369307404, 9, 8.624330818127934, 13.902153446829987, 8.53132811275694, 5.408508274661031, 0.41865698485834973, 0.016153382306862817, -0.9080007694211298, 0.313159519031281, 0.935947108627244, 0.16104075723989436, 0.8524420476897022, -0.35176992209731334, 0.3867822090508266
33, -18.777703723832033, 38.68289959711771, -34.35594812503572, 9, 11.20769022712694, 13.36602749275781, 13.019823321841864, 8.089858315368234, -0.7670062652601586, -0.31002245465712397, 0.5617717211288182, 0.1485368592035902, 0.7659510231918002, 0.6255044616382583, 0.6242100531949127, -0.5632096480705961, 0.5414394719731832
34, -29.85064635084913, -46.94918023651891, -10.749425034155776, 6, 7.125275828891595, 12.206230205604156, 8.284860787313523, 3.5771592254052194, 0.32607249433814894, 0.10398939822399392, -0.9396078615534831, -0.8768743925551289, 0.4046499972231595, -0.25951816781946246, -0.3532251804687362, -0.9085398091466927, -0.2231308743283186
35, 27.43122658402849, -10.510614298584208, 41.49080879259724, 5, 7.983223871601436, 13.13226534369747, 8.432121664305388, 4.594713233789196, 0.18303931524989353, 0.6780002747575133, 0.7119074634400081, 0.8072376264811657, -0.5169698264494746, 0.284797494605999, 0.5611274574157855, 0.5225493526639722, -0.6419331355870015
37, -7.841804399236536, 17.24767768275481, -0.4921026530573493, 7, 9.304689546736126, 12.042810948907878, 8.262807599692248, 8.095620716374782, -0.9962299362836259, 0.07505177559040711, 0.043510286519969105, 0.08453135350921845, 0.7270521382547885, 0.6813586709898388, -0.019502931221285633, -0.6824678887976121, 0.7306553335423672
38, 13.31583675490754, 41.79923436615638, 36.479110518665244, 7, 7.623127815975855, 9.43521943321779, 7.7366456200652385, 6.0686891903929165, 0.45067173470588184, -0.8604724756592742, 0.23765964354511435, 0.40707456081052085, 0.4350304183219861, 0.8031430987535904, -0.7944717046428479, -0.265208698513825, 0.546332368393536
