# Void_ID, X_c, Y_c, Z_c, N_particles, R=(abc)^(-1/3), a, b, c, vector_a, vector_b, vector_c 

0, -47.59452757293835, 29.82357315706753, 13.911657347297492, 8, 3.892676028306249, 6.621093881511805, 3.835582033346562, 2.322649944028185, -0.08999941880278733, -0.6367619098546251, 0.7657900330857348, 0.6248957188134022, -0.6348264132340103, -0.4544235531628206, 0.7755033495890539, 0.4376410575102976, 0.4550437996033195
2, 45.80849450175931, 31.470666048916325, 27.020788062057363, 5, 3.2512949572659764, 7.0338569769709105, 4.88549528043563, 1.0001542388974254, -0.19792777558180802, 0.09296818344365272, 0.9757978850768355, -0.8948291971385687, -0.42350426689605325, -0.1411553890901128, 0.4001316078511943, -0.9011110102468087, 0.16701390244645492
3, -41.175568644732635, 29.639812002882092, 33.01245480820835, 10, 5.900982679699669, 7.151353969940735, 5.820201369410136, 4.936813649501178, 0.2383045144068031, 0.9002981500971607, -0.36424469707185575, -0.6021419133673961, 0.43122820663621, 0.6719132012154321, 0.761994799575161, 0.05920704968960996, 0.6448708790815896
4, -7.579970254650929, 18.500813472415516, 12.452873554069349, 9, 3.2549245869785532, 7.553371726437856, 3.303013942209413, 1.3822020333336806, -0.8772313804113608, 0.2987102296637446, 0.37581551846060257, 0.41820177059692826, 0.09108002569726066, 0.903776359498621, -0.23573795683167534, -0.9499876986641563, 0.20481940361110212
6, -0.473359537926131, -20.509794989606903, 20.042761140920366, 13, 6.444424084731003, 10.404826627317306, 7.007779702483621, 3.6705998903090404, -0.829574748093811, -0.1523614722022021, -0.5372073334509383, -0.5453997100296625, 0.4274370848675889, 0.7209970144039833, -0.11977017001177634, -0.8911136404905243, 0.4376889147637562
8, -19.37204455249686, -48.46279602360527, -22.002754602650416, 11, 5.221977538992641, 9.728963713339931, 5.196845579906712, 2.8164276711086287, -0.0055462247558699445, 0.02003864235355339, 0.9997838227354869, 0.93471753127717, -0.3551784701476842, 0.01230410771503486, 0.3553482462515754, 0.9345837079449741, -0.016760570686974466
10, -8.77824336085029, 15.85595119967917, -7.041682454607346, 6, 2.243431778495373, 5.334117709341747, 4.731446787029799, 0.4473856470407888, -0.18934688632771143, -0.8234928531803047, 0.53479648222381, 0.5384169626916241, -0.5425420320334137, -0.6447909101119375, 0.8211302764628318, 0.1658543464550026, 0.5461111652750358
12, 0.9419540013365024, 46.664595447133806, -21.051887041652137, 8, 4.826896536640767, 6.6711909949506865, 4.8659543941058745, 3.464436144501769, 0.5205394850647206, -0.7568889849361945, 0.39516795033354196, -0.7582005682830681, -0.6225799506998517, -0.19371655386621583, -0.39264556885795565, 0.1987794493121149, 0.8979511054547373
14, 24.758372558594377, 47.63446480796337, -17.122859025849824, 5, 3.110892245432041, 4.689251863111343, 3.1867189199854833, 2.0146870114446025, -0.9873319921948239, 0.15102069216423378, 0.04866505652761632, 0.1403480605176675, 0.6881719557029458, 0.7118439304320239, -0.07401323596174865, -0.7096563322638765, 0.7006496492400841
15, -14.169692462620237, -11.493478074483441, 20.819931960011736, 8, 3.784549533698124, 5.908206083714047, 5.63744592345146, 1.6274383920905573, 0.04901933196077843, -0.4254390889405512, 0.9036585011471716, 0.9811376083722122, -0.14887348672875317, -0.1233113068087407, 0.18699224190263727, 0.8926579784837291, 0.4101166113650699
16, -38.627292849485784, -5.81112033433954, 20.20561095438647, 5, 3.9098646650395894, 6.0726430127228825, 3.1870282650103214, 3.0883144167973122, -0.4394455315052356, -0.7315351558038072, -0.5212906489312662, 0.07119668364771586, -0.6068673975665383, 0.7916078536803335, -0.8954432740702495, 0.3107543685838, 0.31876804314177415
21, 12.133537736753885, -43.925955204247195, 43.53379997899965, 5, 3.989260160889848, 5.493305311115736, 3.492513180759098, 3.3090649276859176, -0.09888691645562384, 0.8880463464639865, 0.44899339002469024, 0.9887327781265048, 0.1386395158218035, -0.05644978397602278, 0.11237825061879976, -0.4383523368075746, 0.8917501654629489
22, 45.06344009634638, 28.14315441974775, -19.507678591430434, 11, 4.81573252410517, 5.46267619439261, 5.007862896271798, 4.082528107445852, 0.47087263687900244, 0.13645608162852407, -0.8715840163892433, 0.23888142947934124, 0.9313346461185403, 0.27486622125892407, -0.8492435589914837, 0.3376322181395649, -0.4059431767940379
23, 47.803793212598144, -11.98575647517999, 24.70467551927743, 5, 1.9955750809032469, 3.981949805306781, 3.7868962442688465, 0.5270174910627918, 0.4859770598545125, 0.8346970546493803, 0.25905042801511224, -0.4482593656401222, -0.01639323312628912, 0.8937532114759545, -0.7502598472603206, 0.5504653384794694, -0.36619403698258596
27, 35.66363880589229, 8.542316296167963, 29.52363732362474, 7, 4.192062806963978, 5.681807902383263, 4.1072866107525865, 3.156761610227405, 0.3774737908716595, -0.7572470713400359, -0.5330013228425587, -0.5914269233088552, -0.6400414359617447, 0.49047034022196434, -0.7125501607538942, 0.13009163385462627, -0.6894551727346986
31, -47.3640741359612, -16.40688611703823, 17.597502774215968, 7, 3.8871650559127855, 6.111317974226786, 3.2726598584836464, 2.9367244257351715, 0.41353711728439513, 0.8412451781951813, -0.34827231126156205, 0.6812028787840948, -0.0320704655666214, 0.7313919080592854, -0.6041106608597242, 0.5397018022961366, 0.5863209650301863
33, 47.23021244912733, 41.52348957050276, 39.49593140316136, 5, 2.5600137280967368, 4.026261260225425, 3.347157478557915, 1.244941041910639, -0.1838903928660798, -0.37642762044416883, 0.9080124283170906, -0.6348567973989118, -0.6597619432866102, -0.4020833557697621, 0.7504273250674954, -0.6503971284972099, -0.11765375061861513
35, -2.9267929724927804, 0.29850906429968543, -44.70115713929703, 6, 4.908840184771436, 6.348862776806248, 5.920022798954696, 3.1471493986304306, 0.5903863722181466, -0.5313907439591267, 0.6075095132865509, -0.6599461091712765, 0.1155083806764844, 0.7423805944279458, -0.4646666164991733, -0.8392149255274612, -0.2824946800970737
36, 13.85896160405557, 41.02615156727921, 45.870839234982064, 7, 3.8949976492532543, 5.295409197001889, 4.149960783572548, 2.688921239488332, 0.4862144158936289, -0.5093979267432919, -0.7100065450450814, -0.38429065752591446, -0.8543728439725663, 0.3498109975694437, -0.7848033080431797, 0.10276573218668245, -0.6111652574980166
39, 1.461496845009154, 19.258123512360534, 3.9406057713092357, 7, 5.0315538509407265, 8.155000634993742, 5.673723993000458, 2.7530504578537593, 0.1684403893832592, -0.8207557658140298, -0.5458825955344625, 0.4656110286672226, 0.5543679302055669, -0.6898424225452119, 0.8688119504287835, -0.1379716305717282, 0.47553088643064156
41, 35.76806330372182, 4.915210589914136, -34.42721755508591, 10, 5.163697607744829, 11.565058511467093, 3.9620050823948563, 3.0048274772764634, -0.7237364847066878, 0.5237827013146816, 0.44928519061716365, 0.6500410117915689, 0.7359966089121514, 0.18909170965118252, 0.23162941025137374, -0.42890636912187413, 0.8731478356116399
42, -30.4690889727496, 40.468706299714505, 26.154819589272666, 14, 6.704015235522115, 9.172232568289694, 8.218522603229884, 3.997018568717753, -0.8299486835384144, -0.5577011950831732, -0.012432203974074662, -0.5465318285399856, 0.8173874684632974, -0.182155666373302, -0.11175036056135029, 0.14438526033485083, 0.9831911073196531
44, 11.120807993788443, 47.58328560726335, 19.352910648934248, 5, 4.375200305541531, 8.107891134545712, 4.059560471930496, 2.5445260314363494, -0.38571456886958044, -0.30216809382739807, -0.871733166992326, 0.1563564970723426, -0.9525887389154342, 0.26101214591426475, -0.9092727408126894, -0.0356249570416555, 0.414673299418663
46, 28.735344908795273, -0.4446422510709008, -5.831030909397847, 11, 4.803292941418042, 7.134965560410569, 6.345474398094877, 2.4477172286998568, 0.25300104932125095, -0.5060783636012277, 0.824545425635877, -0.8888486698034599, -0.45812297339763736, -0.008448871754711458, 0.38201899328562927, -0.7307585313494543, -0.5657326732910367
48, 6.991565565545985, -20.43037655802405, 40.71436362318956, 17, 6.93173821361286, 9.253025834998486, 6.627349377383782, 5.431287808723435, -0.2473816148524366, 0.9088822599890274, 0.33576088829736944, 0.17764090272647165, -0.29811337378011277, 0.9378550666558043, 0.9524946437180238, 0.29165296818423875, -0.08770689732169448
49, 10.1495533440271, -5.236685336963195, 21.73772108772727, 22, 5.416014808527993, 8.577902345389337, 4.993293292249025, 3.70912402646068, 0.5153668826574332, -0.1501914350510288, 0.8437058190490759, -0.7827656026700507, -0.48323990023402136, 0.392118872407852, -0.3488194196666139, 0.86250897482816, 0.36661053013289585
50, -5.5432877714020705, 16.449418187539187, -20.739470819849622, 5, 3.422186534529931, 7.252562485929959, 4.644313720306611, 1.189865868107253, 0.1297060019788803, 0.8118781635182908, 0.5692365067815156, -0.7729161274396968, -0.27682308019657526, 0.5709375116543863, 0.6211095016132641, -0.5140260984353306, 0.5916081111116334
51, -16.022713541363995, 46.57865512745976, -3.5128198011991736, 6, 2.1523166240988747, 6.206612514105473, 2.7413613057705146, 0.5859999367836212, 0.5370001581872398, -0.3524250409286785, 0.7664381388170207, -0.5602364994730638, 0.5302698914499628, 0.6363559592553625, -0.6306868436593921, -0.7711098707370208, 0.08731364433402547
52, 21.79822365718254, -45.91424225301925, -4.806947333710641, 8, 3.7489661451761025, 7.070807685937276, 2.90932954430284, 2.5613717373579066, 0.9509561490701294, -0.2905833061791135, 0.10603652538500818, 0.1877507802196782, 0.8146579561887529, 0.5487094485656921, -0.24582930474744558, -0.5018901837936098, 0.8292612352805383
53, -32.54884870385347, -22.551027044602762, -34.23363564778291, 6, 3.1267059675322044, 7.001924956960576, 3.6384059492274097, 1.1998653794810854, 0.47761661674492134, -0.34704276673209344, 0.8071206139531246, -0.711386876593522, -0.6918682587618068, 0.12347884162243664, -0.515568694956984, 0.6331505591696496, 0.577329446852932
54, -29.438371722702716, 48.00367254711412, 43.51646844869713, 8, 5.307195762130374, 9.030589129900944, 4.932129945374093, 3.3561760081038066, -0.2774083983534078, 0.16715360695117137, 0.946099493819868, 0.9591842215808224, -0.008050435754612444, 0.28266733018612683, -0.054865377000336994, -0.9858979978513873, 0.1580978438791521
55, 13.333194607832814, 7.309257874365729, -12.556214220957816, 5, 2.5602955172814346, 3.886263173443556, 3.7375405538527438, 1.155452686409976, -0.13627763966047918, -0.7872399524281846, 0.6013997524354648, 0.9797849821265429, -0.19684977785932284, -0.03565885242159832, 0.14645748095559596, 0.5843829414498724, 0.7981521058135074
56, 14.708960588835733, -38.11734013416721, -13.922236261233603, 7, 3.915980681155032, 5.801088455384519, 3.702733516853144, 2.7956942734960535, -0.5826906347441471, -0.644674707733688, 0.49483951478226473, -0.8112489438914354, 0.49769605601644884, -0.30687747858176656, 0.04844352605347478, 0.5802526665463558, 0.812994506592357
57, -28.104221243656355, 23.554627737052776, 31.898406080671123, 5, 4.006222636102226, 5.117171587038109, 3.7918747742492624, 3.313761708433605, 0.2068410926725621, -0.9290416394342247, 0.30675461623158745, -0.30034287842771645, 0.2381013800506764, 0.9236351488524661, -0.9311342103906262, -0.28317726782941327, -0.22978189055035206
58, -47.14352360835732, -42.29250692910435, -45.994665362216146, 11, 4.25383547598126, 6.967436786730327, 4.871547660521588, 2.2677860190879273, -0.14166354194282754, -0.878666227667175, 0.45593541345386723, -0.9735484944554322, 0.04025857777731731, -0.22490570437165194, -0.1792617355371025, 0.4757361740213621, 0.8611273557957279
59, 1.4114277869277214, 42.19831943503238, -45.02602357792307, 18, 7.312551481595301, 11.376512938171766, 6.920585631385453, 4.966549839936666, -0.7255555511574551, 0.5682102146637241, 0.38820908559229556, 0.026442335474426308, -0.5406871337721398, 0.8408080793307864, 0.6876553970407411, 0.6203181242919417, 0.3772737462316557
60, 10.383760354458222, -14.382813374798877, -31.978667072731696, 8, 4.016370421418733, 7.365904381632773, 4.251914361371276, 2.068667514597751, 0.3226256678804703, 0.5201485974271586, 0.7907958744323595, 0.7923642360401889, 0.3085906827741435, -0.5262420621248701, 0.5177563093474841, -0.7963775656681622, 0.3125878708960483
61, -23.011193445148063, 7.06472462520064, -15.994256694159924, 12, 5.410271112898943, 7.223370515244065, 5.221878346683887, 4.198464094576841, -0.46590170402938724, -0.5585751795561508, -0.6862429387369514, 0.2212731201370488, -0.8244666322964687, 0.5208579254792374, -0.8567227138854951, 0.09082147881164444, 0.5077180817137971
62, 27.770955839862957, -26.914940413350855, 43.29208050882837, 7, 3.4391300544627392, 5.6380529545085665, 5.16237024672376, 1.3975504639200196, -0.9669973193146113, -0.21485906627119752, -0.136937088034706, -0.06853796536061178, -0.2982873747526265, 0.9520121792117019, 0.2453950524003758, -0.9299786146488828, -0.273717088529674
63, -14.41381910625468, 12.034486549399512, -37.763277166011555, 7, 3.588343718067274, 6.164662335438987, 4.397700577954495, 1.7043043748796995, -0.5482512077006634, -0.8268717868752186, -0.12531425028522258, -0.8175121994560305, 0.4982812900609031, 0.28877250512437186, 0.17633609101748673, -0.26076580305903846, 0.9491610922070328
64, -46.67525025404086, 34.78773584963416, -46.28724418410104, 5, 4.180936244416907, 6.103794170334725, 4.808331767463952, 2.4901547050711246, -0.19078248874118017, 0.9019541322551916, 0.38740261395285613, 0.5300024048604318, -0.23753851957279584, 0.8140472360749855, 0.8262563118257436, 0.360630274695496, -0.4327196692330618
70, 28.36764279780658, 8.782039111043215, -47.86844898359164, 7, 3.8730668288679624, 5.624188769475373, 4.212894112735136, 2.4520230001661996, -0.7333944962981919, -0.57019250270456, 0.3701527018124165, -0.6463235653102551, 0.7536184896536277, -0.11968717966777216, 0.2107091875646652, 0.3270163327904223, 0.9212285038817146
71, 34.44621630322023, -41.131791664965775, 2.3572445120032333, 7, 4.262133820789882, 6.246979425657715, 4.905392364447411, 2.526605387490061, 0.2529615067727986, -0.8812169395918834, -0.39933342142569317, -0.4087227023972171, -0.4714542015088801, 0.7814580528887908, -0.8769014931201516, -0.03446217137584988, -0.4794331341362528
73, -7.334030964477539, -44.1056679863549, -26.764538346154332, 10, 5.708146051618421, 8.378455338542308, 6.305528313232966, 3.5204630540027617, 0.702070809856721, 0.4603449943650366, 0.5433038414277799, 0.5871747257655029, 0.057427463972618664, -0.8074205396222468, 0.4028925655423977, -0.8858806762452422, 0.2299847996845375
76, 38.60301179114784, -29.83726544220048, -12.28081967977194, 6, 4.092394970707514, 5.115161488524544, 4.292642493897922, 3.1213937553851085, -0.5147440344036068, -0.580172212122276, -0.6312200751933061, 0.7403705954774853, -0.672054139881709, 0.01395042723970022, -0.43230771494181286, -0.46015588374919375, 0.7754783054688161
81, -4.715720719755454, 45.817234925782486, 6.034811615998444, 6, 3.737089501538924, 7.4778757410753895, 2.823027435118538, 2.4723340735661394, -0.4493134562702947, 0.6168951360328627, -0.6461871316835689, -0.06482328458817264, 0.698891553295848, 0.7122840293779706, 0.8910192813792768, 0.36192677142028773, -0.2740322104053538
84, 3.5261797296312616, -41.56213389575861, 35.42085471302175, 7, 6.219363725254875, 8.204971139198664, 7.073851970832083, 4.144812066712764, 0.3814271096052799, -0.7801256618861824, 0.49590050587270806, -0.8913039308049358, -0.1681135769720912, 0.4210880290026288, -0.24513396947349295, -0.6026124599643575, -0.7594521447108264
85, 0.2912638877433735, 16.689262988179284, -12.905832990860867, 12, 5.85921684936643, 10.983172601312189, 5.899242809194728, 3.104521230328446, 0.7935311724202812, -0.259165029950423, 0.5505831142053762, -0.5051336468973053, 0.22399883108192772, 0.8334653696742045, 0.33933505148970894, 0.9394988083679112, -0.046837078322111036
86, -30.40832297957089, 41.00449601008097, 8.50516673269125, 13, 5.190623311436113, 8.268756457690762, 6.040250300984765, 2.8000346273704078, 0.2800613563582362, 0.8572872012851319, -0.4320003370224271, -0.2753310532077516, 0.5028341994540394, 0.8193598592797462, -0.9196512642378608, 0.11052792575689074, -0.3768622159537669
87, -3.4206872741231598, -5.999762352559845, -31.720048335116143, 29, 8.839455190168898, 16.83243257417925, 6.615011553685822, 6.202960351511342, -0.32557844542416603, -0.918626568822133, -0.22388368169488854, -0.8637421781493075, 0.385288058938741, -0.32481157818819656, -0.3846402547330105, -0.08762613019694496, 0.9188980007300226
88, 47.06182065463156, 29.778629331487387, -42.415092427969526, 5, 3.0202873673028257, 5.795235497422234, 3.527582143454131, 1.3477103826212096, -0.2298048951026011, -0.8568592236545048, -0.46149970858612877, -0.05490166126446267, -0.4620220494809588, 0.8851674606444909, -0.9716869443278965, 0.22875291611608692, 0.05913193376765042
89, 16.06320268215135, 15.257723520360795, -3.1110916117151097, 8, 4.113252877952151, 5.94916761753333, 5.100039438479323, 2.2936465330459934, -0.8682703912898531, -0.4713932650865002, -0.1545798086441241, -0.09465350679787425, -0.1484541470880054, 0.9843790326206859, 0.4869776599190461, -0.8693386887994009, -0.08427931475936667
92, 27.031771862150443, 37.80123569551208, 22.371441509811113, 10, 4.208685054489379, 5.588858074082561, 4.230639193300566, 3.152900124041328, -0.6572695455967361, -0.5993133376534198, -0.4569685631876419, -0.14422449695395775, -0.49510927382859404, 0.856776576154659, -0.7397270029608474, 0.6290392120366111, 0.23898458278918763
95, -16.78612502455878, -37.89214416758807, -37.25981105714472, 7, 5.403844111603929, 9.306926834816634, 4.8937040428861085, 3.4646904238621095, 0.7083265536521491, 0.5774252377912708, 0.4060216597091385, 0.5952043772051535, -0.7977930541947063, 0.09621845994666511, -0.37948022708317036, -0.17351177896724115, 0.9087840336474496
96, -29.804288107579033, -11.066656736872128, 47.036032583874345, 5, 1.9289497466616286, 5.677727357277394, 1.7538656518512006, 0.720762003104776, -0.7072639050862741, -0.696754513318186, 0.1196282438759819, -0.7015902164016359, 0.7125767508865521, 0.0023542186539260135, 0.0868846178078718, 0.08226495163009546, 0.9928159652834347
100, 1.3878180500984796, 36.57303891871429, -5.321419211763548, 9, 4.574276470506882, 5.705423502138278, 4.264432922845245, 3.933852350331802, -0.06924082002354999, -0.8548314781780798, 0.5142653524770507, -0.719965007968514, -0.31401605335156624, -0.6189057323521926, 0.6905476783998071, -0.4131065990194125, -0.5937060229635966
102, 25.692808351013525, -37.33546888761325, -21.632781500258545, 7, 4.504631192882363, 7.219279248828812, 5.168606869308029, 2.4496857618355157, 0.6924828771269057, -0.3659137549063628, -0.6217512274667168, -0.49566995296186545, 0.3848859145928499, -0.7785718531251997, -0.524193440074202, -0.8473310785745741, -0.0851544518203413
104, 27.904181336927532, 19.581846078600197, -29.116743433676486, 9, 4.667000210104921, 10.14041518372596, 3.4097560519068675, 2.939912572869622, -0.674106209672004, 0.6260578818057221, -0.3919596238269659, 0.7073779763829796, 0.6999211819172414, -0.09862422436649343, -0.21259637017118763, 0.34374680759609194, 0.9146807725417271
105, -36.6228839518716, 18.91746681121987, -34.15037630863071, 5, 2.0871222033322883, 5.092846592207169, 3.1685940444005847, 0.56339947591282, 0.8407731049475962, 0.06883666006273802, 0.5369935755930283, -0.176533517567356, -0.9028123204042934, 0.3921298653526809, 0.51179732626507, -0.424489609245765, -0.7469083400727984
106, -17.179852473904077, 23.34085849808567, 27.01692592448997, 5, 1.5751761054292073, 4.897548057012666, 2.9865923321573824, 0.2671976865236278, 0.09131713932996499, 0.3615152115951159, 0.9278835766678545, -0.9227214927802906, -0.31969189300177586, 0.21536513253136677, 0.3744946285674921, -0.8758446468034611, 0.3043845065699249
108, -15.5681618343449, -21.36510590536869, -36.260806454327685, 6, 2.118271641478629, 5.692353215705606, 2.4850816406080094, 0.6719120887902726, -0.29829737587049365, -0.9186807893483752, -0.2589291077322589, -0.9533147672106793, 0.27340278221856723, 0.1282258682684384, 0.047006703424359204, -0.28509038208503795, 0.95734729533006
111, 17.53405159026836, 38.967352771706665, -25.537658861318707, 7, 3.0107893490431725, 5.780360932787242, 3.9986494387278824, 1.1807904299604277, 0.023910024705205347, -0.9581615029500594, 0.2852277072499795, -0.9730309065912747, -0.08778243631584233, -0.21331924126205076, 0.22943226786299856, -0.2724349062417263, -0.9344196360973496
112, 1.335259609966009, -29.054374124391245, 28.522612846308938, 5, 2.2857232321427854, 7.1655081805460314, 3.222413502333306, 0.5171811204489433, 0.5465114360768621, -0.20253428398254292, 0.8125916034816532, -0.7693888286960404, 0.2617428654039495, 0.5826933178678687, 0.33070542861425894, 0.943647463951347, 0.012782146269334558
114, 14.920107683889011, 44.91582353447755, 45.15804178264191, 5, 4.051957934863226, 4.878297694557884, 4.025288626340808, 3.3878912320168055, 0.560729656325326, -0.6744754360213904, -0.48027610675635035, 0.5125846179309541, -0.17276717708930223, 0.8410758063225761, -0.6502609183841969, -0.7177982925058742, 0.24885005384325776
115, 34.61953501989642, -25.103326960194426, -49.33643228579355, 5, 1.8036418229989106, 4.761157021038863, 1.3368732546327715, 0.9218242997064856, -0.28076164562000305, -0.920621697166102, 0.27134588453808134, -0.9529384566833832, 0.2336981038398251, -0.19311523512028325, -0.1143730568037756, 0.3127952796457713, 0.9429092834990459
117, -32.70263672086029, -35.54115259222243, 45.61355933543498, 6, 4.711507096013524, 6.246767800329609, 4.472921911442284, 3.743112407018687, 0.7482005095520478, 0.4265124991791129, 0.5082155896369601, 0.32174667864002354, -0.9031438863596382, 0.2842713410024343, 0.5802370828292259, -0.04917528419029274, -0.8129616959824332
119, 38.67672878200638, 0.8391778271833203, 15.503062000274005, 7, 2.8147797610464886, 3.5651037012951368, 2.8296648983325805, 2.2106810298231556, -0.28687207761193007, -0.9112989578553491, -0.2953618467208818, -0.9354100762898051, 0.3329864074370073, -0.11886143881720508, -0.20666978555685234, -0.24218641967284302, 0.9479627302082789
120, -22.457593944321605, -16.576445438494062, 48.71390282055585, 5, 3.4032448577224983, 7.263631623157836, 4.213920196948766, 1.2877734692645428, 0.4613768360232984, -0.8795831091594457, 0.11603865417408522, -0.6687414073608594, -0.2588321218296599, 0.6969869889676372, 0.5830234517256978, 0.3991735046199321, 0.7076327917410935
124, -1.5409832066632594, -10.689326703449677, -41.47121506796527, 13, 6.105987590409441, 9.026848733564908, 5.585066177342502, 4.515473144168039, 0.03636588167472526, -0.24931667023390153, 0.9677389733773771, 0.7306906008471525, -0.6539858870185328, -0.19594311780261656, 0.681739516592405, 0.7142434161573097, 0.15839057419016497
125, -32.76656174140515, 24.29488130158879, -27.08766532584211, 6, 4.382747446501321, 8.405434049891237, 4.8677465669048345, 2.0575539528380995, 0.8709808474928824, 0.42385132148022814, -0.2484802217079754, -0.17535494765250678, 0.7406087189638342, 0.6486519619399412, 0.4589586099359799, -0.521391199268086, 0.7193804359943493
126, -8.815111504514451, -37.67448707216771, 45.164289482363515, 9, 4.262372705195753, 5.5383710959764025, 5.254673523729148, 2.6608872710000613, -0.10953238913904467, -0.5490953918373466, 0.8285510885832472, 0.9934845362382356, -0.08687883255790552, 0.07376004818920187, 0.03148224872830268, 0.8312318082919867, 0.5550338268057569
127, 24.607064614922866, -5.765927175682462, -25.145056660560822, 5, 3.7188359160197777, 8.060401665912762, 3.4099344664382856, 1.8711919191179545, 0.20279512760368013, 0.6589829332803905, -0.724303548151864, 0.6830789567190648, 0.4347845105472086, 0.5868266935610703, 0.7016247395209222, -0.6137621062214547, -0.3619651942643131
132, 38.324737054707875, -48.18389862689226, 32.59795722312267, 7, 4.308883097469353, 7.06111137574954, 5.5882377397686245, 2.027431543165971, 0.37229357884566255, 0.06006477301866144, 0.9261693766220653, -0.8525011774409736, 0.4166540579572963, 0.31565984611519954, -0.3669321921173478, -0.9070786178881822, 0.20632292009862332
135, -35.15185951681066, 33.79020784919923, 7.731045828683546, 10, 4.87983514397098, 7.752079420272282, 5.1659775511664305, 2.9016479758576654, 0.3012747020642069, 0.12339024583825943, 0.945520174892158, -0.2812399012110571, 0.9589793761175806, -0.035534126525510315, -0.9111189120322977, -0.2552124671976472, 0.32361848637550356
144, -41.4348380974107, -29.534693725096474, 23.44254328880511, 6, 2.3667643650839265, 4.688282381871763, 4.012691758613742, 0.7047182253069875, -0.5495693934819372, -0.8324020622068523, 0.07127614314534186, -0.8273234813802013, 0.5303714781259969, -0.18504581148296473, -0.1162296816860453, 0.16066394126942415, 0.9801417035668545
146, 39.76863462689096, 11.543472948942322, -44.303955324826156, 5, 2.2795514170722884, 5.505729750993701, 2.8913498576204293, 0.7441022918285691, 0.3499823870846575, 0.7702554287256355, -0.5331218465315528, 0.41924652538846546, 0.3801411182068949, 0.8244544142632206, 0.8377020232040888, -0.5120540057133613, -0.18988421617574527
147, 4.053102952417293, 6.716018495063009, 38.520595655464795, 5, 4.338142984901457, 6.639624651074128, 3.7233627968384373, 3.3024230202889053, 0.6746820502558742, 0.37322733984235756, -0.6367931248503923, -0.4492087181354246, 0.8921907590519156, 0.04698060252375938, 0.585675386723446, 0.2543560540985113, 0.7696020654401711
148, -27.023808119662018, 41.59767353505016, 18.454651548434608, 6, 2.967913578220557, 4.858915029126576, 4.059061359809544, 1.325527771733093, 0.8824509566351842, -0.22167575125228497, 0.4148977831230039, -0.13089577998378396, 0.7314522409619255, 0.669211412017319, 0.4518258557409975, 0.6448546196612944, -0.6164543094061414
149, 8.324891422640173, -34.619714378716466, -10.012760457393295, 5, 3.478120993985455, 8.811342614141559, 3.4360804010359107, 1.389724300800469, 0.14152991421004843, 0.9361886614956365, -0.32174535501030116, -0.633144858086116, 0.33545335688688177, 0.6975662219692367, 0.7609841470509151, 0.10498492958672997, 0.6402197220461586
153, 22.767750817169127, -21.940654422239632, -29.261470609474344, 16, 7.03452154477228, 12.777193733731034, 6.630582105844151, 4.108814694352711, 0.5283318820542094, 0.5894163026351295, -0.6111087011268865, 0.5362635828349811, 0.3263617914846294, 0.7784017926392081, 0.658245237073575, -0.7389698256673787, -0.14365515870680354
157, -26.70499425198466, 43.528726661816144, 44.0105984198081, 6, 3.0756497522524935, 4.364010508235365, 3.6715604124032235, 1.8158257326007883, 0.00740679248120961, 0.9506397642079749, 0.310208281855508, 0.8249971642189969, -0.18111397833173834, 0.53532924997936, 0.5650883280123155, 0.2519558801843228, -0.7856165833183444
162, -22.57971248959127, -20.117172425224588, -42.07184000568346, 14, 5.97820801562856, 8.177919987099438, 5.796651588560621, 4.507056608905194, 0.023581626625611477, -0.15648551132353186, 0.9873986994276949, -0.9743918029814512, -0.22451958106346542, -0.012311458144458292, -0.22361690716099117, 0.9618228747877119, 0.1577727364497878
163, 37.99079624082594, -6.1160304890335, -3.310543099642068, 5, 2.0415583014727985, 4.20293904895992, 3.2535362334612232, 0.6222667857493547, -0.23045828526734044, 0.8906994461258728, 0.3918462395158344, 0.6451640155728947, -0.16159409309842918, 0.7467601636975246, 0.7284589019028427, 0.4249021602048637, -0.5374065337263261
164, -22.137591438153787, 10.037020467084378, 40.95567890887891, 7, 4.593980042366494, 7.275845831358811, 4.621828350375986, 2.883168417813383, 0.24676479252899322, -0.17398689746029575, 0.9533287453340864, -0.26128166151862503, -0.9592647309192893, -0.10743867724618462, 0.933187564491828, -0.22257523565411186, -0.2821723479565758
170, 17.663816729299338, 41.320246729474334, -18.735568101533396, 7, 3.8713926925491613, 6.279181057196779, 4.134533459450717, 2.2349723834195068, -0.42671994201129665, 0.17569868753156667, -0.8871527840736119, -0.12385421788400182, 0.9603517017197027, 0.24976937705894428, 0.8958628376052985, 0.2164591883098422, -0.38804019894081426
171, 31.38384829811928, 39.11171199149924, 36.17114026401136, 6, 3.5801603063095735, 7.605359079976068, 3.183391372967675, 1.8953859668323783, 0.1989903176229993, 0.7996386835258539, -0.5665517004663717, 0.9168210872985805, 0.05231666981944785, 0.3958561101507106, -0.3461819570355262, 0.5981980791243334, 0.7227150965318289
173, -40.748973867660936, -21.403399453841878, 32.337469467075564, 7, 3.3756462940523475, 6.10542363661703, 3.3775079200113005, 1.865342661435939, -0.6481001660443226, -0.698925686789704, 0.3024385212218544, 0.028121482823513445, 0.3748981039781565, 0.9266394087439787, -0.7610357133388209, 0.6090601743498946, -0.2233166967419763
174, 7.855126525829579, 10.8573307941269, -43.056336131804635, 6, 3.695963543698836, 5.368740955535491, 3.653691300737445, 2.5738233445547443, -0.2458860639771376, -0.8946368823398426, -0.3730481098988139, -0.16652049693819812, -0.34015385717959873, 0.9255086588170294, -0.9548879345982365, 0.2896898379354858, -0.06533628513793735
176, 36.049210407386475, -44.257897611264646, 20.908188955172278, 5, 1.80444438725694, 3.471102333903587, 3.078205746485925, 0.5498768586054636, 0.3015214024397152, -0.8965040937470463, -0.32460014443246105, -0.9500630806718804, -0.3112096597358035, -0.022993269262582855, -0.08040514047648546, 0.31532357600076877, -0.9455718141965972
177, 40.57019032873111, -23.01011979048627, 40.38999431938604, 19, 7.009886831946034, 10.048651080148392, 7.494215936639658, 4.574030447230731, 0.14589028111219754, -0.5746794771731831, 0.8052698456995401, -0.6831167151008863, -0.647291772029104, -0.3381788216509084, 0.7155889738018456, -0.5007562884072246, -0.487006735265378
183, 6.1704107680452775, -30.577014745482572, 15.8804599800635, 11, 4.696233287133005, 6.892109914957972, 5.36430987103681, 2.8014503865365192, 0.9262104645623881, -0.2662497572543775, 0.2669180437833123, 0.28350895606192855, 0.9585720663220716, -0.027609156084706425, -0.24850924966246374, 0.10124554523049036, 0.9633236695956245
184, -28.00198688549768, 47.29584061560736, -1.5131074551095178, 8, 3.795651821822469, 8.79273884531957, 4.705988167330761, 1.3215515154757183, -0.915892084676941, 0.35966535185615417, -0.17827653771687405, 0.3889941810095178, 0.6855408691425725, -0.6154000681475269, 0.09912222942842716, 0.6329885871083579, 0.7677891847530173
185, -2.817244981853247, 8.906416737784996, -1.7161703719482264, 7, 2.3080562859377314, 4.619838947352213, 3.5285687281049887, 0.7542473104119333, 0.04461560139534835, 0.6706229797808587, 0.7404554457237608, -0.7715520495968692, -0.4476990039546068, 0.4519657471766231, 0.6345997816537617, -0.5914646404037138, 0.49744617425114784
190, -35.340527248920075, 20.105947361606628, -7.449174071277267, 6, 1.8003530179480818, 3.2801004349572715, 2.0252513339815867, 0.8784295654634181, 0.4111966408096374, 0.6431961237049023, 0.6459226494231782, 0.8157121137035066, -0.5759135341893407, 0.054197312616961174, -0.40685509723269786, -0.504601176760945, 0.7614765802486912
191, -17.066188141256813, -41.69393422190526, -44.6320937275102, 6, 3.63418036282641, 7.363838802428275, 3.110881939404642, 2.0952296413276126, -0.7222873155046051, -0.6781476029539609, 0.1357087413136966, 0.265266117077194, -0.09043485357946268, 0.9599246972491382, -0.6386978323056525, 0.7293403635243686, 0.2452095290607656
193, 19.04848853287126, 15.805141948291842, -24.062873514776975, 7, 3.9877231412300707, 7.01827533289119, 3.652007970628295, 2.474075092403663, 0.08995087109572511, -0.8326675998279083, -0.5464188036533429, 0.7723557789822062, 0.40470538678143797, -0.48957134371087935, 0.6287888289894384, -0.37799235191590486, 0.6795192347764509
194, 20.054219354729362, -4.915757169986395, -46.27386272640144, 5, 3.951102272545207, 5.030645195144236, 4.026612859044407, 3.0450277144512, 0.23447326649827163, 0.6983918678580897, 0.6762182238059834, -0.8897649372980699, -0.12602425416457613, 0.43867555632520033, 0.3915873384732874, -0.7045329561290595, 0.5918552779822578
197, 15.193476297835609, -46.73289737477283, 43.18720832350593, 8, 4.375628481363556, 7.6158039078645015, 4.205207909073948, 2.6158816764544675, 0.9523293926385249, 0.03260467202974419, -0.30332435325665985, -0.22868467617820934, 0.7343849373165563, -0.6390477937711899, -0.20192089242573577, -0.6779496288105711, -0.7068325501825756
198, 6.040581606505701, -17.005784977350125, -37.40395243564187, 5, 3.214183115482627, 6.446472347107625, 4.402062432083971, 1.170128411405474, -0.7862871797503674, -0.5006856804006019, 0.36203082797187286, -0.6120909008910168, 0.551326814523046, -0.5669069347205893, -0.08424488118952449, 0.6673474305260021, 0.7399663552917158
201, 33.152281047722106, 1.7246712966366928, -35.50617007539321, 7, 2.853908387179408, 5.797628945422033, 3.5440364274935137, 1.1312835956948373, -0.8926161956747158, -0.1905472875327866, 0.40856830326531063, -0.4496009694417418, 0.30973290821585153, -0.8378093421806638, -0.03309524884697312, 0.9315348929492917, 0.3621428554061348
202, -47.12282827556035, -16.37683646940121, 2.4107647106936323, 9, 4.784935901668531, 8.435933990844932, 3.740462750974037, 3.4719212515540527, 0.025122093985396644, 0.9990721097688376, 0.034982851167857966, 0.8756961285894175, -0.0388724736932912, 0.4812953575118614, -0.4822086382130616, -0.018543200128565012, 0.8758601366438004
205, 0.22909664487290904, -26.918729535661022, -41.93422072647233, 8, 5.676971294548241, 6.7971591740374615, 6.038723784386065, 4.457357720726689, 0.7922531652142962, 0.46128151560518077, -0.3994424684093022, 0.5395059771697918, -0.2237018463014647, 0.8117208784794092, -0.2850758193989754, 0.8585900344881153, 0.42609263062355296
206, 1.5353186398664402, -3.060139271658626, -24.08920028981993, 6, 4.106957672287162, 5.801394203620279, 4.891930710438714, 2.4408888690980053, -0.47514567902968774, 0.8467965225543401, -0.2391071581724268, -0.418482724655732, -0.456515814906034, -0.7851531824461991, -0.7740211837308664, -0.2729999269790334, 0.5712812328488579
207, -21.87807384737242, 14.949754407564003, -46.34010787717215, 6, 4.0787026096920815, 6.438165617775267, 4.148351469389276, 2.540554015201467, -0.5679072279204268, 0.2377241592521952, 0.7880156118907629, 0.11284824203648232, -0.9258553467912595, 0.3606343731361613, 0.8153199707752853, 0.29373304363975383, 0.4989731899903187
211, -10.415257297867532, 32.26626373696303, -34.971316390310015, 5, 1.9571318968949145, 3.537146783921833, 2.4488164040028946, 0.8654679242469042, -0.9041438953919704, -0.39518360836650107, 0.16233832604738066, 0.15809575593111577, 0.043523116377719905, 0.9864641251953061, -0.3968999223759091, 0.917570517191569, 0.02312569131493842
213, 28.748656017442144, 10.408334451197861, -17.553207269639653, 8, 4.829047961629073, 6.051478328562417, 5.082458859057244, 3.661417072084491, 0.7557111466050038, 0.6490106191182987, -0.08766914604712926, 0.5709330370236159, -0.7184644803551986, -0.39729618385144955, 0.32083660971270145, -0.25018794283421747, 0.9134932200779828
214, -35.13846594707192, -40.19476393176749, 9.407505958606347, 5, 4.539917667005471, 6.035452415416442, 5.097264074070238, 3.0415640519028995, 0.40784652097731283, 0.16337375598291876, 0.8983152181627205, -0.5832206060323883, 0.803603191017171, 0.11864078593061388, -0.7025061850445983, -0.5723031777327942, 0.42302970667676565
215, -33.20635395493962, -21.264732924358086, 48.03060412727729, 5, 3.6749530591231667, 7.529949869452653, 4.418470759547099, 1.4917337589272324, -0.9285809224681625, -0.1644394263652869, -0.3327118054485472, 0.1188173525922288, -0.9810189499656106, 0.1532457390316114, -0.35159622744157876, 0.10276913381471124, 0.930493738820323
216, 30.84397600012686, -5.625991910615605, 10.997002742156134, 5, 2.2531007427971446, 4.919173557909464, 3.6488120944280933, 0.637232896787037, 0.047263112203356356, -0.8577872706393227, 0.5118273112622991, -0.005104458479132778, 0.5121858340434484, 0.8588594855439694, 0.9988694322725508, 0.043204973491006125, -0.01982895703645811
218, 20.335815547786833, -45.05386080001867, -46.057772614536105, 11, 5.4795111934930665, 8.572890862793919, 5.140889853647036, 3.733016086177511, -0.6529516087331075, 0.7166425393773204, 0.24510746093840666, 0.7353159624564596, 0.522224743035654, 0.4319626756075988, -0.18156164795897012, -0.4622821524958228, 0.8679461846648397
219, 1.2583747664288203, 10.795984979254175, -4.096521128182774, 10, 5.61989401503293, 8.652204321858568, 5.428216264814817, 3.779205145585171, 0.17109218773111892, -0.7799547188640268, -0.6019950994975928, -0.6732151844417337, -0.5386685639454939, 0.5065742725938437, -0.719380830113273, 0.3186013413949109, -0.6172393429836611
220, -40.21643556151916, 40.507439774922204, -26.655319167186427, 9, 4.828055241361417, 8.960040674322354, 5.217003148406055, 2.407607079280966, 0.07552603884099296, 0.7076734535897391, 0.7024913526452552, -0.6112358492347744, -0.5237668863701356, 0.5933455867809059, 0.7878366290464244, -0.4742009403475543, 0.3929973461822128
221, 38.907705568355375, -14.675410903529762, 24.062400322383603, 5, 1.75618376228228, 6.899861597813568, 3.0871840052422317, 0.2542769403816773, 0.9079194000434306, -0.09139081155302373, -0.40905999876357596, -0.3273253106181525, 0.4549854381123717, -0.8281584341986883, -0.26180241414759137, -0.8857967998753287, -0.38317558022024345
223, 10.073555841009986, 11.276305130375647, 33.625153699875625, 9, 4.428246710339414, 5.936116333844595, 4.46087190486064, 3.2792405069613144, -0.4209152070442545, -0.4050694844008408, -0.8116336003925229, -0.9037320273082605, 0.11023145593990627, 0.41366344887924283, 0.07809488649197253, -0.9076165153458841, 0.4124723624380192
224, -48.52618576614356, -28.254029937893513, -33.28254055344704, 7, 4.046097098901253, 6.610371298371574, 4.388788165390196, 2.283170945772073, 0.03978901376923419, 0.9916633198283175, 0.12255894292279038, -0.14878455995539908, -0.11540874318910509, 0.9821119980503189, 0.9880688179991058, -0.05731214620472049, 0.14295219059272507
228, 13.329097768337139, 22.60732637181595, 26.819496471045777, 7, 4.474731642484183, 8.67014264733338, 3.8973398762934304, 2.6515905414276606, 0.5036195496486472, -0.09712230067334984, 0.8584489547571301, -0.7765713214346305, 0.38451099973154695, 0.49908744104687514, 0.37855558632381264, 0.917997031475245, -0.11822486314507785
232, 44.53892404265123, 25.49330969308001, 17.39093001492173, 5, 2.590622299654429, 6.220931394444756, 4.697074964353607, 0.5950170291558057, -0.7668074646544508, 0.3982002577218208, -0.5034310944910818, 0.641583592904958, 0.4992043799156589, -0.5823791551800147, -0.01941147767118394, 0.7695658138348515, 0.63827239695237
234, -20.166332671869526, -22.819414756844914, 6.796387386981484, 5, 2.574730504954884, 6.428736725385108, 3.2690226588468287, 0.8121790150253246, -0.09436355954558077, 0.9940793548833537, 0.05386793874451496, -0.11392791902094612, -0.06453691480984072, 0.9913906474717138, 0.9889974458498081, 0.08741408823251935, 0.11934332524709175
236, 20.636632351007442, 35.93697947941025, 44.61691456054291, 9, 3.925459199989857, 8.461886196548505, 3.8766811717463607, 1.8439287602585583, -0.7362512289609036, 0.3648969466468109, 0.5698985402520291, 0.6439959061046006, 0.11913810072328367, 0.7556952996258237, -0.20785427773821058, -0.9233939198867854, 0.32270771286420125
238, -38.44203983505861, -26.306472806744562, 29.307350144812347, 6, 3.7033953888379223, 8.327059186995646, 4.104383742095414, 1.486143116482399, -0.3712544258943246, 0.7236957486542132, -0.5817513340196939, 0.18549876364852558, 0.6717050745185443, 0.717218587008804, 0.9098133654430143, 0.1583564215491586, -0.38361814844373726
