# Void_ID, X_c, Y_c, Z_c, N_particles, R=(abc)^(-1/3), a, b, c, vector_a, vector_b, vector_c 

0, -54.02910956793145, -59.4914013053799, 58.21059136325107, 371, 32.1257091252254, 48.16008133191972, 34.923464625528915, 19.713041441249704, 0.9020269144197358, -0.16579726120449476, 0.39857083917353936, -0.20064504109743359, 0.6564776610873225, 0.7271716770999318, -0.3822159247669044, -0.7358996865540899, 0.5588941207278643
1, -55.814545555564145, 58.83678571013602, 57.7600424666005, 387, 28.843689948817513, 37.596764635602796, 34.78495354518157, 18.348921989354782, -0.854774159349204, -0.2747358354431818, -0.440319608048743, -0.1194385355357189, -0.721498174885374, 0.6820372569487366, 0.5050698691645983, -0.6355789521061969, -0.5839039500651152
2, -13.152901258304192, -59.250301760862406, -71.26634266587416, 12, 7.122236746483206, 15.300526812798429, 5.265545883593832, 4.484349275044765, 0.6034984251839506, 0.7758005678630839, 0.18418232733845044, 0.5930240793328505, -0.5911133268536196, 0.5467243145749701, -0.5330216619724892, 0.22072270775650152, 0.8168043793643147
5, -67.91760757381414, -8.108031340090752, 71.01200886792958, 31, 10.541401827771354, 20.20545777004609, 9.255108821619897, 6.263900952425442, 0.09974960632807597, -0.9945148949165238, 0.03146648735670653, -0.9185926800976184, -0.10419651918045203, -0.3812224723986668, -0.38241012553078185, -0.009121906590927943, 0.9239476644873768
6, 63.21686753402296, 16.546093972662224, 63.402045258625165, 20, 6.6936543187438176, 9.764573159388098, 6.5761870775099105, 4.670489690704787, 0.021434318547534203, 0.7914305079230876, 0.6108832303452162, -0.6854178968447636, -0.4331935619274439, 0.5852739910413879, 0.7278343744790456, -0.43125524812252114, 0.533175425440332
9, -48.16324092990571, 36.51707308164406, 71.7881428661565, 16, 7.052068712507696, 11.187773066124532, 6.9336421095825385, 4.521104403269211, -0.5485155930566645, -0.819649382787103, 0.16524386061338764, -0.7937230518335919, 0.44827396462527963, -0.4111619749284977, -0.26293413844851976, 0.3566866158630774, 0.8964598690975967
10, 57.42311941806464, 60.5390470405947, 58.53957863186297, 338, 25.42180322706531, 35.38180403935783, 28.273653557774104, 16.423176240189765, 0.8431386991958845, -0.4549927660130572, -0.28652873641933246, -0.07147218141120572, -0.6229882468787555, 0.778959159093247, 0.5329248175893062, 0.6362917782957144, 0.55778482560095
11, 54.818505255806535, -62.203580331762524, -56.92235329556444, 330, 31.636387486394174, 47.405864971266844, 35.84674897456631, 18.632829450774864, 0.7887230674057017, 0.05428518481530755, 0.6123471577885448, 0.4998087277578667, 0.5233223931302466, -0.6901629579349317, 0.35792060376458307, -0.8504038990726698, -0.38562423399314094
12, 56.58993783183707, -60.075106281523915, 60.13434965934101, 250, 23.383685828356516, 32.692261570004405, 23.304999895355728, 16.782043091804287, 0.8371673437084491, 0.5123326405547276, -0.19148395246171324, -0.28150778530511483, 0.7037766127522149, 0.6522666986406928, 0.4689394475204119, -0.4921521561115417, 0.7334044244439839
13, 62.61352655874475, 57.958284235858734, -52.33394066749067, 337, 28.657012899502543, 46.47912407154104, 29.65056525080177, 17.076617296494106, 0.19070942538298202, 0.34483993292570236, 0.9190839655493344, -0.5215608423821255, 0.8287782268426689, -0.20273366371959356, -0.8316274422863525, -0.44069498677806485, 0.33791082531481703
14, -5.6778933081682395, 15.091469838440865, 39.7754973564767, 6, 3.9160280234741527, 6.793644283055876, 4.4164456356927975, 2.001528049823581, 0.27450836430420905, 0.6386888592613531, -0.7188335683469846, 0.25921270304981064, 0.6707272881767162, 0.6949342986734205, 0.9259880844290805, -0.3770960699218965, 0.01856398515465266
15, -20.939405720069026, -22.142168882790223, 48.59313495698319, 5, 1.9733053237280012, 3.604967840101471, 2.5165187144924763, 0.8469958910754016, 0.8253000136061952, -0.054553199528365036, 0.5620532323213101, -0.22338513322736886, 0.8825933843611591, 0.4136762020408063, -0.5186318248956623, -0.4669613113558055, 0.7162179583773793
16, -58.59350639013602, -59.13817963500332, -57.63503458647521, 368, 27.67054605901239, 36.081919582877205, 32.35950948117477, 18.145194389244196, -0.2702353661939802, -0.411174292946764, 0.8705794321471958, 0.8043440025771778, -0.593376626563889, -0.03057620914672139, 0.5291536377803044, 0.6919825719390545, 0.49107692651608204
19, -65.24241304537674, -23.971322283093258, 51.723951111767555, 5, 3.8353368689838274, 4.7500451612275185, 4.013816110774439, 2.959070657322443, 0.27966316654550577, -0.6156915488767242, 0.7366901858444439, -0.6688659446559571, 0.4255228243233551, 0.6095479259741347, -0.6887719951894347, -0.6632150802127886, -0.292812048968463
24, 12.073495245135101, -20.331121062846673, -18.970469322454733, 7, 3.336142560262085, 3.705947343856604, 3.4845702846236377, 2.875314330644191, -0.3838785187773855, 0.3716134167028804, 0.8453051232233788, 0.9205851364199124, 0.08280532050241701, 0.38166252828804575, -0.07183515451373325, -0.924687378211092, 0.3738889716922455
25, -10.170145363258793, -72.22291239153286, -68.3768829688099, 10, 5.539924257807373, 11.776358178302473, 4.060723273976724, 3.5554705054737448, 0.9771844035910627, 0.09434546122334707, -0.19028813763588387, 0.09594872088642989, 0.6032039051553988, 0.7917947283011768, 0.18948478656250195, -0.7919873627475598, 0.5803891219772543
26, 6.6325401222388125, -45.67223992592286, 38.44614186026344, 9, 3.5758275785362397, 6.963360056795227, 3.1135310372063985, 2.108908111958279, -0.7208188611743679, 0.6376841660313672, -0.27162303615151434, 0.6490033739326779, 0.7585328732780922, 0.05850214338366212, -0.2433408925751847, 0.13411481853010038, 0.9606239771374387
27, 19.638778957196283, 69.07285745692022, 9.644665398205937, 11, 5.824270741113078, 6.700226963141673, 6.082355145270058, 4.848008536305414, -0.4583519657368022, -0.12839656658681456, 0.8794474385623776, -0.8035626110257161, 0.48264720582386794, -0.3483371999542204, -0.3797375484025027, -0.8663521203293326, -0.3243969758399832
29, -3.126897487382249, -32.94119318916268, 59.594820688885406, 5, 2.860582082522177, 4.124128698138008, 2.7126935328988355, 2.0923305717428717, 0.9108145696533476, -0.06603252482710488, 0.4075003378797923, -0.21330487457594147, 0.7698588608208696, 0.601513395443306, -0.35343719412270236, -0.6347889728725225, 0.6871136075861977
31, 10.899445089718855, 57.88672274271791, 46.92987022296435, 13, 5.854590278018379, 8.465075639167374, 5.287117036407843, 4.483733117916896, -0.010290983331880724, 0.3695576821869903, 0.9291508032599672, -0.9577942573381031, -0.2705887354517661, 0.0970149311022068, -0.2872703539737688, 0.888936924524566, -0.3567448499202079
32, -69.58070290315582, 68.79661611288596, -9.596039250442518, 31, 10.56447744504889, 18.770882409906026, 8.915754863335366, 7.04532857936635, -0.004266295355654364, -0.12291788414433981, 0.9924076745377461, -0.44746337909569983, -0.8872838208847202, -0.11182104258353927, 0.8942920792963536, -0.4445431530838049, -0.05121583694633237
35, 71.60550537392079, 9.142596135886643, -10.37508010454458, 5, 5.205166991039816, 6.216386286074155, 5.142302296678033, 4.411724699397576, 0.31585012184910666, -0.7283897530633753, 0.608018970230518, -0.30166707750701366, 0.5304778644220804, 0.7922059137033542, -0.8995752747137293, -0.4336376401910519, -0.0521797099767158
38, 54.64529014606442, -36.095934733111875, 69.44055809146236, 14, 5.431319625967471, 11.569901314097141, 5.025435568272669, 2.7555780696354426, 0.3464793979426383, -0.9337252051263473, 0.09005147479673734, 0.6306360930799991, 0.3029219306762096, 0.7145183146849298, -0.6944423265513857, -0.19077616524911675, 0.6937970235355153
39, 22.728834845995703, -67.08184362293915, 72.08400294656433, 10, 6.547506517907646, 9.580387676371231, 7.303003195173466, 4.0118366746436065, -0.3552232616799827, -0.9240547463697657, -0.14120644487041745, -0.9288171145426052, 0.3318695374633455, 0.16480709279825925, 0.10542865878964512, -0.18969827573115414, 0.9761656427525216
40, -36.51730742947842, -68.72797233508301, 43.94948750776638, 5, 3.3339610692293373, 5.683933396966102, 4.243109350934177, 1.536555912724734, -0.2403004955535686, 0.04409648360167866, 0.9696964328957162, 0.13620334777242674, 0.9906165076222554, -0.011295259265253647, 0.9610953750238802, -0.12936164408453008, 0.24405172637671402
41, 52.831678750582284, 39.80909876361166, 8.664861640171775, 5, 4.327500557011822, 6.968186783919473, 5.277951289378652, 2.2035668791180942, -0.9284621667641005, 0.131656779558048, -0.3473103760098672, -0.14668392283150833, 0.7290937188622733, 0.6685104156992175, 0.34123574207645957, 0.6716314774576785, -0.6576240010960245
42, 34.43516321341125, -57.5108596117568, -71.53511986876997, 9, 4.1797859840397305, 8.8587950116406, 5.193470982871808, 1.5871931266797343, 0.6008369280608401, 0.0798363015504203, 0.795374849258614, -0.3420215398536946, -0.8736493283973376, 0.34606085775046624, 0.7225069218730851, -0.47996147339722095, -0.49761504388417405
43, -22.52015244628429, -48.786923908199206, -22.912715147963944, 9, 4.376826509151728, 6.944862637796311, 4.597746405491782, 2.62584642697739, -0.4073699666787858, 0.36167560543375754, -0.8385943397628258, 0.9129202025470944, 0.18643297712278425, -0.3630694820864286, -0.025028264612169095, 0.9134733173307583, 0.4061281626472642
44, -20.46233256757757, -0.08624054845097077, 51.23344408309763, 10, 4.359588135243143, 7.852129514305436, 5.104252918310014, 2.067363030824309, 0.5269019582538819, -0.8371342652808506, 0.14690319356949025, -0.45202015945715746, -0.129636006571533, 0.8825374106770271, -0.7197583635030237, -0.5314138949000825, -0.44670702980205407
45, -42.85058856868458, -32.55856698136127, 40.93585171300932, 5, 1.9697139996812822, 5.633343460814418, 2.6597032562465324, 0.5100468847258843, 0.41834557553020796, -0.13955792637007997, 0.8975024036856851, -0.43243502931725064, -0.8995522168866588, 0.06169079764183825, 0.7987408371015521, -0.4139195504945141, -0.43667342587422403
48, 38.54688411693506, -20.40794533163745, 39.65648803723622, 12, 5.607443763284355, 8.02254032869192, 5.011585810144222, 4.385384734079265, -0.2014136833568892, -0.7697635433099766, -0.605719915098951, -0.9794647448255172, 0.16397200468642753, 0.11731153107430983, -0.009018968926388373, -0.6169094496520411, 0.7869824579553986
50, -57.30626177911392, 56.56896511906796, -61.42526777266555, 276, 29.177773577936478, 42.50396116386598, 32.591989309018, 17.931481567956332, 0.6959080480377664, 0.7173937197517953, -0.032530593860985585, -0.4753416283436763, 0.4941142942276374, 0.7279432674346993, -0.5382957598196816, 0.49111843286584744, -0.684865212913859
51, 54.53360279172546, 6.312637439284387, -9.6744320165578, 6, 2.3177612811990023, 4.378910251592975, 3.495101483382763, 0.8135425571671266, -0.6487406232958239, 0.2962562825188067, 0.7009763325204946, 0.7566075688599744, 0.35002037534029934, 0.5522958659907162, 0.08173487890457544, -0.8886607631232363, 0.4512221821405522
59, -25.18312235897257, 3.206653025747709, 17.592805577972953, 8, 4.302504569311768, 7.070881765209646, 4.182208048880113, 2.693300500886907, 0.6871411219928407, 0.7196110479880278, 0.09998508928831537, 0.6676374009101906, -0.5711633560306479, -0.4775277181836595, 0.28652640257453676, -0.3948827171976253, 0.872909079049081
60, 19.41366443365412, 19.337361410249443, 59.70675988208351, 18, 7.096041176299149, 8.899560424349799, 6.8593418133562984, 5.853254121414654, -0.7453945920077555, -0.39185421650943314, 0.5392932182119206, -0.653362642588121, 0.2688824184692166, -0.707686019579596, -0.13230328596017352, 0.8798593740149175, 0.456446407020822
61, -70.91357516332137, -4.600965527488941, 51.03702271134748, 10, 5.860385557926089, 9.305493649127055, 5.275771859759042, 4.09971006509364, 0.14696962462170018, 0.15636528091696078, 0.9767035519349341, 0.9372002504595822, 0.2937540231782909, -0.18805388697143324, 0.3163156966972286, -0.9430050226750267, 0.10337266192093132
62, -9.354664605375124, 45.27725222807906, -71.20263499916192, 9, 4.156554986863254, 7.40767418597636, 4.1835136353139175, 2.3172747489449916, 0.22987825400286452, 0.9165738975097951, 0.32718233256136864, 0.7673830848288965, 0.03605713011017912, -0.6401742610310918, 0.5985642734536386, -0.39823632904585793, 0.6950745548306289
64, -15.18099731604371, -8.304898347228958, -25.58113997327061, 6, 3.709227376827313, 4.465953631500695, 3.6995185098573304, 3.0888082984883996, 0.8384530605384289, -0.11442661879180027, 0.5328255006900643, -0.4746532920362902, 0.3270602975852991, 0.8171510350617736, 0.267769896801067, 0.9380501642531126, -0.2199117361848935
65, -33.662681850005235, 66.4489957086446, -12.877423290893278, 13, 6.476954571263679, 9.495556973916537, 5.772987653030806, 4.956686828333868, -0.7841217513596875, -0.10381441898405207, 0.6118624399778272, -0.6205381698571224, 0.14583825938385314, -0.7704956728303287, 0.00924439262411763, 0.9838464151029321, 0.17877576092446068
67, 15.437594235388291, 12.575786112875237, -54.620816128281376, 6, 3.7143399134452464, 4.990875369093741, 3.730022134600244, 2.752686808370838, 0.018738586274509212, 0.4035152008759335, 0.9147810383072487, -0.3226539018848631, -0.8635496582210351, 0.3875260602653794, 0.9463315090299519, -0.30241936189402385, 0.11401405425957652
69, 30.09543890010182, -45.324497186771914, 1.636864822920313, 5, 2.2099156189573477, 7.4594064886949525, 2.4589998296244167, 0.5883886701218302, 0.7331146443409212, 0.46206508320540557, 0.49903785140534823, -0.42014512833883205, -0.2693097505766399, 0.866573903009717, 0.5348093018880943, -0.8449663408247277, -0.0033005283273071606
72, 15.565401429328324, -69.88490364435728, 64.21885421893303, 8, 3.9978776895824506, 6.126040170703282, 3.877342595147187, 2.690137591333253, 0.5597998771544322, 0.8169264955415559, -0.1387631017960997, 0.3442263391138606, -0.07693863611352267, 0.9357289531340047, 0.7537455306654576, -0.5715868675496166, -0.3242778559301648
74, 49.29454815908722, -39.38254598928562, 21.384480329767975, 15, 7.652335102362301, 10.71042593130604, 8.950752747894365, 4.6742898262412345, 0.2504846909510744, -0.759386432203413, 0.6004911874328515, 0.12407811972069305, 0.6403309862919007, 0.7580111135075918, 0.9601364693655388, 0.11536236205891474, -0.25461634985692816
75, -41.37682364329753, 8.559335870245821, -6.274590661652548, 5, 2.214194095350764, 5.277481626983396, 2.9927462316464157, 0.6873064858614164, -0.1481597890231613, 0.5581641150595009, 0.8163954296641159, -0.6738632586309868, -0.6611875286237664, 0.32975651723601157, 0.7238487311474961, -0.5012822285422057, 0.4740876941705189
83, 50.05956344244796, 2.1908135528238617, -24.72579159669422, 6, 2.086468422107875, 5.474370967975398, 2.3473934086082466, 0.7068306023147324, 0.9593904763297824, 0.025782304383224746, 0.2809006705374765, 0.1977409958102108, 0.6486991791122664, -0.7349067108110103, 0.20116762290115023, -0.7606080776587654, -0.6172575959002352
87, 4.369476430429383, -66.39659036527775, 24.08008905423039, 9, 5.030010237542715, 6.379802424704184, 5.220625974430948, 3.820997889331816, -0.9954671141296573, 0.07029935815683071, -0.06405641988988703, -0.059755597783868956, 0.06166616948856989, 0.9963064548993446, 0.07398981835269218, 0.9956180411098144, -0.057185863609734724
90, -71.79303513699203, 26.999720496404166, 60.256185259595306, 6, 3.9604474710929427, 8.344591321286885, 4.127047164227593, 1.8037995259672746, -0.5750503691893726, 0.7622136439591048, -0.29723296226655166, 0.7815123034205657, 0.6192443835603053, 0.07599284855365704, -0.24198262850346997, 0.18859150137691813, 0.951776051973862
92, -31.05618765058979, 31.08711408790317, -38.44699134895943, 6, 3.583549734411103, 6.366113541217447, 3.207619405046532, 2.253632496588916, 0.24114743197275557, -0.9492683084283866, 0.20183556343334155, 0.4906575398038113, 0.2986882880433452, 0.818560007097468, -0.8373189921927103, -0.09836150262803553, 0.5377935664491897
94, 51.353729714270344, -9.15358774527606, 62.754434842734796, 7, 3.721784336058477, 5.856257137914064, 3.3771617182908615, 2.6066433641889595, 0.04256224620821538, -0.46783379767383304, -0.8827910245079468, 0.25592599749874295, 0.8592158492254497, -0.44300113797152113, 0.9657589445622474, -0.20707405002526819, 0.156300987854034
96, 65.56038526808565, -59.1035243769498, 36.38858337007438, 6, 2.9663548495677334, 7.4357775817679155, 4.665493348915051, 0.7523940304986231, -0.3628687499085706, -0.8880311759917038, 0.28235952402315534, -0.16624806288431154, 0.3598466314122822, 0.9180805974686793, -0.9168903161921852, 0.2862010348129871, -0.2782105600888829
97, 44.50045601370752, -11.172683030869228, -48.374558004796114, 9, 5.926450701103127, 7.877701291522143, 6.8782830175339456, 3.8415321980519503, -0.9963730518109282, -0.04538984971228457, -0.07197571234849791, -0.03639433742634085, -0.5372653115650288, 0.8426276978548891, 0.07691679808907184, -0.8421910392138048, -0.5336647446100374
99, -13.36975093334664, -33.32496302067647, -57.40950159548285, 9, 5.897129483495999, 7.506784417389892, 6.0650927413061915, 4.504334154754165, 0.8462479847137782, 0.0353993206160837, -0.5316119228043976, 0.2140333153459296, 0.8911507572026726, 0.4000500816886971, 0.4879078686492963, -0.4523242377288922, 0.746557898406465
101, 42.439878121498815, -5.246469392410482, -30.208509539100792, 6, 2.6297299718282297, 8.019477268585453, 4.701633623718453, 0.48232372425700665, 0.853474486251681, -0.5204926996519029, -0.025858285451731775, 0.20996221376572768, 0.2980227093565482, 0.9311811496687298, -0.4769666341663998, -0.8001686161784005, 0.3636385782272272
102, -39.15039052587243, -30.45301030741966, -32.1429276394854, 6, 4.011095185387672, 6.7160673625231695, 4.88744269267141, 1.966039245241138, -0.9268084888302357, -0.013883248291233167, -0.37527760451311104, -0.18968964349490156, -0.8451523883924308, 0.49973520943130173, -0.3241047117568519, 0.5343451092799987, 0.7806608994983381
104, 5.7372700411707855, -47.904805702578074, -14.125002579018052, 6, 4.692315229124293, 5.666925228788578, 4.881449469846639, 3.7347820277942616, 0.22744990076277274, -0.9557192158865171, -0.18672793853161215, -0.43908695988266283, -0.2718092702275641, 0.8563424328382659, -0.8691773031459151, -0.1127851985130127, -0.48146683654471406
105, 14.335626696210173, -49.06531181473501, 6.338465503965155, 9, 3.6171487473668096, 8.141421008878494, 5.684475802388222, 1.0226063141139288, -0.46205675655116407, 0.5662292664918169, 0.6825598666004012, 0.0006549008334881735, -0.7694268524867213, 0.6387346004228013, -0.8868501140724495, -0.2955786467939051, -0.3551480518448146
110, 18.177059218405805, 41.4866488277036, -20.747434967449767, 7, 3.2328115447245502, 4.039777502607911, 3.8073270932722885, 2.1966634779631673, 0.8216312655780513, 0.5699391982614912, 0.009558959653556508, 0.5351344143676988, -0.7770157797664515, 0.33147795786940865, -0.19634974403841246, 0.2672373257592995, 0.9434145375904848
112, -10.853921504952487, 9.813813276965593, -41.3461646663806, 5, 3.236288806847145, 7.303454423227823, 3.7691431239832203, 1.2313197941377927, 0.1844594126702364, -0.00605550561641844, -0.9828214771407271, 0.36194314428568575, -0.9292856889272435, 0.07365642307096983, -0.9137679603608032, -0.36931211624687893, -0.1692237436393293
114, -31.57435907988745, 55.17122958827834, -22.34086426521379, 5, 2.5822064063614696, 6.075759007630261, 3.1578024407939482, 0.8974026905176041, 0.3857500507208181, 0.3918515184033878, 0.835254024769618, 0.33387530735400683, -0.9032531327277565, 0.2695571504463596, 0.860072193195521, 0.17488900978178495, -0.47925948790753553
118, -23.65055775720319, 0.9980988516326862, -22.375832905064897, 7, 4.274426429665364, 5.320018823150393, 4.426208057645563, 3.316565251351197, 0.04004068880874, 0.7992525897849178, 0.5996599377662506, 0.25117330607693444, -0.5889216782382671, 0.7681687491791146, 0.9671135990948034, 0.11986056325215791, -0.22433174501788922
119, 3.3786089106141524, 53.24006500277528, 46.01294971764923, 9, 4.905923607266542, 5.7325608934592065, 4.91715801163178, 4.188895273947402, -0.5457938843747686, -0.43699389972293323, 0.7149443106872344, -0.8351670455304021, 0.21460779543291886, -0.5063985586466865, -0.06786045858319285, 0.8734871640409867, 0.4820945264328492
121, -0.7656926664291888, -54.99429002772517, 48.07214581382955, 5, 2.4051720476210847, 4.914506315154144, 3.1686076661005984, 0.8934907848603602, 0.6522930350350953, -0.6216745180647392, -0.43362955392094565, -0.5555748766060767, -0.0029782203995898527, -0.8314611756945685, -0.5156067813061099, -0.7832700197200365, 0.3473294160864107
122, -50.58118393982778, -72.0871273756225, -7.858930492229854, 5, 2.8138187882352255, 5.8878697121694215, 3.0466675356475252, 1.2419528810476304, 0.6801136421370546, -0.4947737056895259, -0.540966185576626, -0.4584274816479469, -0.8628681548484538, 0.21284452405064608, -0.5720923682841718, 0.10323530164957447, -0.8136662673629337
124, 4.692847362028081, 63.383149537882545, 72.91775624717656, 8, 4.544846677087148, 8.436201801408025, 5.134408053352987, 2.1673066775871073, -0.43116469918967804, -0.8995480208283525, 0.07007396375593805, -0.897279977792642, 0.4356428553474841, 0.07144189273197453, 0.09479263486743225, 0.032072742453447316, 0.9949802488323095
125, -42.13040070189282, 29.05432764623728, 36.20577189366396, 7, 4.4572751322627955, 6.46980877991263, 5.3374789835085386, 2.5643700991013545, -0.13768990126984762, -0.9286479503589595, 0.34446258923488793, -0.10731294102004672, 0.3597145734238463, 0.9268707344371858, 0.9846448211298974, -0.09065544639239119, 0.14918500682531294
128, 2.8820328685531194, 34.87947978268976, -56.399770202963495, 5, 3.974683420205972, 5.114186287505165, 4.670008620926312, 2.629138131383688, 0.11052332735939045, -0.6236985622705307, 0.7738117972291982, 0.7312369771861006, -0.47627178062258835, -0.48832128171760375, 0.6731100038664873, 0.6198106923926551, 0.4034323094282298
129, 67.59687000509338, 67.86549975948351, 15.911242148065014, 27, 10.234971299769011, 13.402744430120963, 10.75374718585726, 7.438859034308255, 0.5644839846046505, -0.5247432506298814, -0.6371831385427914, 0.3138036984482564, -0.5775498430992526, 0.7536334769476635, -0.7634691021678949, -0.6253644534624704, -0.16135126395703936
130, -29.645779054579037, -65.38647547625692, -23.514298574565995, 6, 5.0646131098809635, 8.802023889295914, 4.4261941496307955, 3.334462378269357, -0.4982114708839637, -0.237181935576545, 0.8339844481258634, 0.09377195488459394, 0.9414772476982958, 0.32377061717142175, -0.8619699245082505, 0.23951058745409523, -0.44681375061722906
133, 24.200568188114648, -72.42856685281002, 62.23214480019357, 6, 3.8472293394648704, 11.216846991630527, 4.763296238138564, 1.0657757651919924, -0.05426321605535282, 0.21349760444958268, -0.9754354290662298, -0.2356337101055862, 0.9465474869089395, 0.22028302178844267, 0.9703258514773307, 0.24179873432394125, -0.0010554781536807843
135, -36.52279962056616, -10.796160795297748, -64.38790036440945, 10, 4.683183186212783, 7.248531925580949, 4.682956103156613, 3.0258911051133954, 0.8595790053525579, 0.5078771704807533, -0.056433263786273044, 0.208605716607581, -0.2479427886836046, 0.9460486396261215, 0.4664842854327942, -0.8249758500976022, -0.3190724967777605
136, -22.095323193691904, 32.215690870195864, -15.749731947604607, 5, 2.7419177191704778, 4.12781831842884, 3.685925399313944, 1.3548653598395748, -0.7117718283941794, -0.2442531440293721, -0.6585751786517419, -0.48586105471439645, 0.8483135576801212, 0.2104831189618538, -0.5072670892303393, -0.46979198533804567, 0.7224787821769691
139, -31.967413971172213, -19.932368841516436, -59.31142725259152, 5, 2.3106039692416647, 6.28367951811322, 2.9718408503731313, 0.6605975673871574, -0.18775883342161476, 0.8414185210194355, 0.5067163831549362, 0.976808564015288, 0.21401368745077257, 0.006570452808883912, 0.10291574096582824, -0.49619856314704136, 0.8620877775448774
141, 51.85561069533166, 45.35279744566238, 16.02166321653088, 5, 2.2349534614268096, 3.150822660367783, 2.6527484018944847, 1.3356277413349327, 0.7150795943624323, 0.16910818536207659, -0.6782798798210108, 0.5927279969062671, 0.367709926893334, 0.7165632779787026, -0.37058696065828295, 0.9144352526601565, -0.16270670939580764
142, 37.601935527770316, 0.3827463612004196, -64.93193114449635, 9, 4.891436502954934, 6.808035788039403, 5.369709632142967, 3.201375586902604, -0.930346542374858, -0.3068320342786752, -0.2007720444473197, -0.114405994573277, -0.2773116666765119, 0.9539441849137686, -0.34837706511314126, 0.9104681994806326, 0.22289252620410782
143, -55.92345468818672, 49.08232449491762, 12.698091705470901, 6, 2.854693102551897, 6.9198384219864675, 2.8573430770134087, 1.1765758628009775, -0.09344072351888101, 0.23534015839174657, -0.9674108956572774, -0.23251090134655228, -0.9499526366576124, -0.20863525316270037, -0.9680947845863452, 0.2054385503146807, 0.14348341402866155
145, -71.28684452776255, 48.48651479257903, -48.43210107052865, 8, 3.992819348876083, 10.411689889383835, 4.270924862794505, 1.431514755602905, 0.006356675884146072, 0.999656674888236, 0.025418989419325713, -0.9965669941113853, 0.004234617244657228, 0.08268188595206113, -0.08254585949338891, 0.025857307829453918, -0.9962517657260691
146, 2.2435482924136543, -20.413013191638473, -38.863531561079675, 6, 5.130617084966894, 6.304869502865951, 6.030494909744877, 3.552055572764442, 0.049789521638625815, -0.5835851411897469, 0.8105241430812163, -0.9228637520615602, -0.3371858112192028, -0.18608660307315802, 0.3818946172255586, -0.7387381888700428, -0.5553578932896813
147, 36.86946591292835, 10.215492544182604, -41.902978803043155, 16, 5.743007257162713, 8.727281535743531, 5.958166842369502, 3.642725523490665, -0.11870442191813729, -0.7205213184872393, 0.6831971090560109, -0.8998874088185743, -0.21273950611534048, -0.38071584415098, 0.41965689755665087, -0.6599931303757726, -0.6231349421994528
151, 48.80486168553486, -22.343840882479707, -41.00188449835075, 9, 4.212259956122032, 6.971177094259213, 4.989542071625535, 2.1487143877129786, -0.657298386137154, -0.7489642803246778, 0.08373373501301941, -0.7522704992628507, 0.6453781521927638, -0.13257502257618198, -0.04525403319389712, 0.1501317670248086, 0.9876297509743691
152, -48.79309602055077, 63.949040400517546, 10.762357737107374, 5, 4.108048121825367, 6.730167705907728, 3.5075399250482824, 2.9368249250754217, 0.8349112102194706, 0.21164834031599822, -0.5080632353273972, 0.4123997003580155, -0.8518853170004896, 0.3228279631995875, 0.36448560766438676, 0.4790578114595981, 0.7985323131126648
154, 64.7830806905414, -14.453668565617795, 29.610768241041125, 5, 4.3750493993780335, 6.042022693674995, 5.582124754646212, 2.4829443896382477, -0.37799072114021914, -0.9233825372415855, 0.06699033250543784, -0.03809645069868265, 0.08781067802277487, 0.9954084313834917, 0.9250252294808285, -0.37370305690811884, 0.06836921881568876
157, 30.391830093557644, 12.13760887631132, 40.64402704074228, 6, 3.8190209167029834, 5.1377420269861505, 3.7309870837233405, 2.905762210667427, -0.7441092227960479, -0.6618167268626463, 0.09110480006385543, -0.09124104046424909, 0.23577312732220657, 0.967515428800858, -0.6617979579032128, 0.711624657019078, -0.2358258052835127
166, -64.69655085945794, -71.3532322082366, -7.291503683030952, 6, 5.291204113178938, 8.26161333110224, 4.724368516777462, 3.7953769351086053, 0.28660138222530557, 0.3834884283302367, -0.8779500401750372, 0.7789968570022827, -0.6267259349578345, -0.019455056715243047, 0.5576948488977718, 0.6783444757555219, 0.47835679960136185
169, -24.10512377802408, -54.00801822301018, -44.95537355655678, 10, 5.325208960675001, 9.790690050338151, 4.83126328913087, 3.1925371116979604, 0.2790882575990768, -0.5446303273037837, 0.7908777092896757, 0.5633999290867914, 0.7598203528246861, 0.324428037226082, -0.7776183282146264, 0.3550363897044109, 0.5189016261396253
170, 29.963883678544164, 67.16019852951318, -27.834838062570896, 7, 3.668399155679436, 5.6588855015234545, 4.852444042439338, 1.7977873151345316, 0.1371265738399357, -0.17127252379827532, 0.975634165729496, 0.9580433174628589, -0.22733427638953446, -0.17456267826544936, 0.2516928775545321, 0.9586369747564589, 0.13291292645225822
178, 58.165054002812155, 59.423621891935895, 21.909131077190807, 5, 2.2436413432156654, 2.6668623491448975, 2.593813425881948, 1.6327547968309257, -0.4913081002119189, 0.5853841966061671, 0.6449354177201833, 0.7814348716518111, 0.6232863200170852, 0.029558495328366043, -0.38467634711881177, 0.5184973535547811, -0.763665242317611
181, 64.06692204041836, 14.09063114852043, -24.343928339299186, 6, 2.772761005152598, 4.60894408731406, 3.8774305407780814, 1.1928665125733813, -0.5023921974215304, -0.8231457480415949, -0.2646377853803369, -0.8626252413641252, 0.45628670725351705, 0.2183578112759607, 0.05898960019741921, -0.33798449411886633, 0.9393011810935631
185, -37.01869623749188, 23.880166269807955, 33.40633551152048, 15, 5.197041367274421, 8.383014582370178, 5.665656603011393, 2.955412128585592, -0.9620318360343295, -0.025840585381725022, -0.27171126329901524, 0.22775679090034623, -0.6245887213687158, -0.7470045336795277, 0.1504047560923286, 0.780526228442148, -0.6067596031862066
186, 55.40791425243771, 40.5239332180573, 53.120895637401254, 14, 6.774657588595251, 8.97391453536325, 6.961333094920724, 4.977229936469295, 0.17748398183662026, -0.38118089449280773, -0.9073040074115628, -0.09227138062841539, -0.9243252456766139, 0.37028209857052713, 0.9797884611018565, -0.017999052156441903, 0.19922501251882357
190, 7.64800612518366, -42.34575790560547, -37.10095258613612, 6, 2.8499871658090323, 5.845455670458498, 3.1625135177232906, 1.2522122584480866, -0.042588006813946956, -0.628076458446251, -0.7769853435047729, -0.9965512815740558, 0.08213951447085452, -0.0117746913165164, -0.0712166052878278, -0.7738042791999192, 0.6294085577930848
191, 67.2874520170307, 36.53107116423693, 40.53353777907902, 5, 3.414692468765702, 5.253675551350952, 4.619072903176358, 1.6407285096123312, 0.0922706979414245, 0.605932313244577, 0.7901469167613565, 0.9377225286537066, -0.31977600229846803, 0.13571944447759976, 0.3349068192149887, 0.7284156369272181, -0.5977023358856931
192, -10.325525805242561, -8.726955425624212, -8.710962834170854, 5, 2.160159667310551, 5.747880649395262, 1.7097995041824645, 1.0256628620634942, 0.0019228594771219395, 0.9811474092635558, 0.19325129729666432, -0.9808999374552968, 0.03943877566388453, -0.19047282135341206, 0.19450350976685796, 0.18919393296177936, -0.9624832676045998
194, -37.571662560794735, 47.67568961917048, -53.00937239658535, 8, 3.839159358585062, 6.310022972753926, 3.409775361373898, 2.6299755428870815, 0.5355385743961113, -0.15060385866311862, -0.8309734731563699, 0.5843542940814994, -0.6442948787081698, 0.49337021419917215, -0.6096954111048345, -0.7498016984684716, -0.2570387493190514
197, -35.270496304811815, 40.61980363083052, -0.9545074248116976, 5, 3.659940166281828, 8.379722844358989, 6.188397555083464, 0.9453967300249088, -0.9639399783953015, -0.26107433788525, -0.05157429736839723, 0.2314509194249819, -0.9181158205514985, 0.3217045413891121, -0.13133997848559356, 0.298166950131678, 0.9454344397686057
198, -23.291453992797127, 14.476890699080242, -72.49561062826518, 9, 4.21536843010182, 8.71721654261867, 5.190993939315315, 1.6553058879196727, 0.5957414873025062, 0.7849609999861433, 0.17008324081858198, 0.74659175548081, -0.6192887575924176, 0.243068273058666, -0.2961297535788669, 0.01782310916741081, 0.954981416481455
199, 53.501962914110344, 73.357987970501, 11.259281801255373, 9, 3.849407555583515, 5.182386468907613, 4.932103199318771, 2.231617360591031, -0.4411096099343753, 0.0017131111811445664, 0.897451601632993, -0.8261430598685926, 0.3898686691047191, -0.4068047018920428, -0.35058516319790745, -0.9208688756281189, -0.1705595416413308
202, -0.004851447494240801, 71.30408556248113, -60.53775876974205, 10, 6.639700905946491, 9.122450705607593, 7.962163354315619, 4.029980461750927, -0.9136011694470428, 0.14649298666583113, 0.3793055602581121, -0.39732589388274253, -0.5198526231296252, -0.7562310389527314, -0.08640044696224167, 0.8416014823436159, -0.5331434213058933
203, 40.5012284191252, -52.63786141686136, -24.986085556552304, 8, 5.005117098454406, 7.520925033371886, 4.331970420238279, 3.848451214040251, 0.07536252002888055, 0.7280069105982598, -0.6814150194236064, 0.8186426188458115, -0.4353417555383214, -0.3745688434641673, 0.5693371173427635, 0.5296069240540476, 0.6287859356011731
207, 17.179488819369993, 62.26417628023483, -23.399190597308102, 8, 4.131116153215208, 5.349072882381241, 4.38664440065368, 3.0046318925789866, -0.9505923210159727, 0.30185583521898374, 0.07250719943368117, -0.14295730516214353, -0.6329602220938981, 0.7608709260759153, 0.27556750194143664, 0.7129126257761834, 0.6448396233813984
208, 39.631038411248106, -24.802939365175025, -28.068130607956384, 9, 4.5776013511819516, 6.890634067946207, 5.024216318245336, 2.7706801239545165, -0.24945569142486548, 0.35131110423012846, -0.9024147417126728, 0.9530273527038936, -0.07624770877145289, -0.2931299232512982, 0.17178685343747996, 0.933148860017367, 0.31578866672877687
210, -28.225082373395203, 4.357747407347552, -9.550368711551673, 9, 3.8040341048963766, 6.553382740568752, 3.2479454839441577, 2.5861811485366646, 0.17307193474177082, -0.984064784714345, 0.04077505229733242, -0.7352800102814793, -0.10155069388110882, 0.6701125002958334, 0.65529337848418, 0.14595874779325596, 0.741138740086776
213, -39.50922694896384, -13.436104860449376, -1.067162307000882, 5, 2.3000002303845957, 4.189943679559198, 3.1063410239678433, 0.9348163960582967, 0.6016873009591509, -0.7750398003746118, -0.19309505353523135, -0.6336017068470173, -0.6103356463938272, 0.4754358798214281, -0.4863345237026039, -0.16371837580525553, -0.8582977481495863
215, 30.39623110005326, 62.62204088123951, -71.2190443805517, 30, 7.874054069612803, 18.962373389331407, 8.108897992457852, 3.174977462727329, -0.5373389651060537, 0.8317077663538244, -0.13974629857526596, 0.8264447160187067, 0.4862519741819159, -0.2838100579066021, 0.16809511576341066, 0.26799479284292355, 0.9486426213625256
217, 35.130531679419434, 63.21150915456256, 39.18944528803145, 8, 3.6091836600543568, 5.028472157433365, 4.949151107001473, 1.8891227751608075, 0.05264766775300781, 0.6192880571363749, 0.7833967866722602, -0.11560335404310526, -0.7754308527907061, 0.6207599029208174, 0.9918992325907675, -0.12324485720926896, 0.03076715062064654
218, -62.680077353279145, -32.8246194889928, -21.78997357100107, 7, 3.0598804743378025, 5.725744650272651, 3.90417013221945, 1.281600523919409, 0.2959839615705766, 0.9551893553162424, -0.0026057596836049912, 0.5166384981026338, -0.15779474913620886, 0.8415375686345177, 0.8034165524628195, -0.25042785914426957, -0.5401923088985768
222, 35.61979021004305, -48.244685561612926, -26.891463497880046, 5, 2.557352720084477, 6.3962139294397, 2.9369546626393666, 0.890331362552113, -0.23688013088399076, 0.6833650870061958, -0.6905794389158989, 0.9440343216494586, -0.006035730045744471, -0.329792009470608, 0.22953649631426865, 0.7300518665299262, 0.6436903518276009
226, -15.134113535777518, 35.84901416668047, 73.06939293842042, 7, 3.3455784282356205, 5.906311667416908, 4.4893182048600995, 1.4122672752886745, -0.8632372202228147, 0.4199688188224838, 0.280085152835411, 0.49527742450504253, 0.811881493363599, 0.30910954936615, 0.09757957981893296, -0.4055547212775856, 0.9088473984403653
227, 68.70692155980196, -69.90068557349694, 25.345615403811593, 35, 10.214240904665932, 19.640299053717303, 8.31748537688607, 6.523462156902198, 0.1569899648188841, 0.11118532037826294, -0.9813215454062691, 0.5817580529929152, -0.8133613793965938, 0.0009133914618912331, -0.7980674900809198, -0.571035104909017, -0.19237252984116232
229, 70.31393155204151, -11.150564898819445, 70.98251866962963, 12, 5.617025379721049, 12.92264356777495, 5.162187573015655, 2.6566479791300397, -0.34805783104055715, -0.9276184830669728, -0.1355717379245073, -0.9367598846027899, 0.3384973082829729, 0.0888847055693471, 0.03656042738140181, -0.1579351834067066, 0.986772422087271
230, -38.64503922939718, -7.436347303321099, 12.788616894581676, 5, 3.1297176434568637, 4.740338018213939, 4.512935605384698, 1.4330027603261069, 0.13399069344663256, -0.9181405847922958, 0.37291334198034753, 0.9772961087708096, 0.060101806426277445, -0.20317501973848062, 0.16413046594439543, 0.3916703198119047, 0.9053483035425183
231, 30.291481266965636, 57.80608524800842, 69.49250750521017, 7, 6.0923330100745074, 9.72398891689411, 5.430734510340933, 4.282011949121875, 0.8415855931345685, 0.17186343235037965, -0.5120514134821649, 0.37909474182800146, -0.8632373712973263, 0.3333292929132437, 0.38473479976042996, 0.4746411290822021, 0.7916406586557276
237, 5.299214618033455, 8.187283782926645, 61.98857255824749, 14, 6.247006828052804, 9.634386014819643, 5.710891124958985, 4.430859900962544, -0.8503126414697598, -0.21948828551630364, -0.47832343061764504, -0.5255530660676276, 0.30645639089314325, 0.7936488236163806, 0.02761134737088043, -0.9262339731417016, 0.37593648465465807
238, 24.852433762892133, 24.603940792409134, -20.83423190035912, 6, 3.401017962097206, 5.44632048894462, 4.341664316253776, 1.663670595971405, -0.3452414379898613, -0.5054485802149503, 0.7907781498330512, 0.834868043180401, 0.2195018652495983, 0.5047913248344067, -0.42872333732935547, 0.8344702894115751, 0.3462017274921396
239, -50.329606370077016, 70.47680879928912, -49.421669978546355, 12, 8.231649575715178, 12.518363167188557, 7.708319447649351, 5.780339825014296, 0.7729787953416734, 0.09821912725556499, -0.6267828850513474, 0.5160429456380331, -0.6720374018636911, 0.5310983042276839, 0.3690575296743825, 0.7339746136873231, 0.5701559490641024
240, 18.70227128690275, 15.908411775990583, 18.033714555381344, 5, 2.231563074366577, 4.846830560988378, 4.643144032130007, 0.49380730031755743, 0.662631626707809, -0.5685058815815269, 0.4875657800684682, 0.2475420569309864, 0.7806635515058495, 0.5738356466799968, 0.7068537736596874, 0.2595486119351844, -0.6580214743498713
241, -41.270956567423404, -70.61183364963975, 10.874723737545873, 5, 2.6218832866901263, 6.894519098856663, 2.4257773377542633, 1.0776684088152078, -0.2078793780824119, 0.9451951957725302, -0.2517780889128322, 0.940558238820376, 0.26383134163617905, 0.2138766526705666, -0.2685821355845939, 0.1923514103379084, 0.943856223895269
242, -4.188038091374966, 55.8839455901873, -16.470446231015085, 6, 4.107080973449852, 5.734750195722383, 4.557470656790325, 2.650705076824165, 0.8392365209078937, -0.020818273766064307, 0.5433678877628084, -0.4157410059938525, -0.6686480885368661, 0.6164974855027512, -0.3504874860956296, 0.7432875171650579, 0.5698089056139518
243, 14.865276326284363, -28.121973187970323, -37.46616091906859, 7, 3.952332889076393, 5.043092737528498, 3.747799081595952, 3.2665348358502135, -0.7109860120311302, 0.6122353538938682, 0.34592883970336974, 0.018562185683169002, -0.4754198256163351, 0.8795632067529866, 0.7029611198058774, 0.631778332054356, 0.3266524195347143
245, -72.79481361395993, -45.06940387593263, 21.40113397768108, 6, 2.643520563115153, 4.161174917321996, 2.9123864869343814, 1.5243444001633455, 0.34409773934630333, 0.5449404701640592, -0.7646153475795118, 0.24279132095766015, 0.7350069037260429, 0.6331012762131268, 0.9070000662868763, -0.40349068818552636, 0.12060739738163709
247, -7.306539333167582, 62.143960413448504, 37.33414943102517, 6, 3.5287333725025345, 7.2645505739625715, 3.939523940041718, 1.535338140561945, -0.9428026528945397, 0.18132071201986857, -0.27972478811793944, 0.1534153206846962, 0.9809933604448334, 0.11880978975810498, 0.2959508355694073, 0.06910011690121318, -0.9527005178806236
